0.000000000000000000e+00
1.000000000000000000e+00
2.000000000000000000e+00
3.000000000000000000e+00
5.000000000000000000e+00
7.000000000000000000e+00
1.100000000000000000e+01
1.500000000000000000e+01
2.200000000000000000e+01
3.000000000000000000e+01
4.200000000000000000e+01
5.600000000000000000e+01
7.700000000000000000e+01
1.010000000000000000e+02
1.350000000000000000e+02
1.760000000000000000e+02
2.310000000000000000e+02
2.970000000000000000e+02
3.850000000000000000e+02
4.900000000000000000e+02
6.270000000000000000e+02
7.920000000000000000e+02
1.002000000000000000e+03
1.255000000000000000e+03
1.575000000000000000e+03
1.958000000000000000e+03
2.436000000000000000e+03
3.010000000000000000e+03
3.718000000000000000e+03
4.565000000000000000e+03
5.604000000000000000e+03
6.842000000000000000e+03
8.349000000000000000e+03
1.014300000000000000e+04
1.231000000000000000e+04
1.488300000000000000e+04
1.797700000000000000e+04
2.163700000000000000e+04
2.601500000000000000e+04
3.118500000000000000e+04
3.733800000000000000e+04
4.458300000000000000e+04
5.317400000000000000e+04
6.326100000000000000e+04
7.517500000000000000e+04
8.913400000000000000e+04
1.055580000000000000e+05
1.247540000000000000e+05
1.472730000000000000e+05
1.735250000000000000e+05
2.042260000000000000e+05
2.399430000000000000e+05
2.815890000000000000e+05
3.299310000000000000e+05
3.861550000000000000e+05
4.512760000000000000e+05
5.268230000000000000e+05
6.141540000000000000e+05
7.152200000000000000e+05
8.318200000000000000e+05
9.664670000000000000e+05
1.121505000000000000e+06
1.300156000000000000e+06
1.505499000000000000e+06
1.741630000000000000e+06
2.012558000000000000e+06
2.323520000000000000e+06
2.679689000000000000e+06
3.087735000000000000e+06
3.554345000000000000e+06
4.087968000000000000e+06
4.697205000000000000e+06
5.392783000000000000e+06
6.185689000000000000e+06
7.089500000000000000e+06
8.118264000000000000e+06
9.289091000000000000e+06
1.061986300000000000e+07
1.213216400000000000e+07
1.384865000000000000e+07
1.579647600000000000e+07
1.800432700000000000e+07
2.050625500000000000e+07
2.333846900000000000e+07
2.654366000000000000e+07
3.016735700000000000e+07
3.426296200000000000e+07
3.888767300000000000e+07
4.410810900000000000e+07
4.999592500000000000e+07
5.663417300000000000e+07
6.411235900000000000e+07
7.253380700000000000e+07
8.201017700000000000e+07
9.266972000000000000e+07
1.046514190000000000e+08
1.181143040000000000e+08
1.332309300000000000e+08
1.501981360000000000e+08
1.692298750000000000e+08
1.905692920000000000e+08
2.144811260000000000e+08
2.412653790000000000e+08
2.712489500000000000e+08
3.048013650000000000e+08
3.423257090000000000e+08
3.842763360000000000e+08
4.311493890000000000e+08
4.835028440000000000e+08
5.419462400000000000e+08
6.071637460000000000e+08
6.799032030000000000e+08
7.610021560000000000e+08
8.513766280000000000e+08
9.520506650000000000e+08
1.064144451000000000e+09
1.188908248000000000e+09
1.327710076000000000e+09
1.482074143000000000e+09
1.653668665000000000e+09
1.844349560000000000e+09
2.056148051000000000e+09
2.291320912000000000e+09
2.552338241000000000e+09
2.841940500000000000e+09
3.163127352000000000e+09
3.519222692000000000e+09
3.913864295000000000e+09
4.351078600000000000e+09
4.835271870000000000e+09
5.371315400000000000e+09
5.964539504000000000e+09
6.620830889000000000e+09
7.346629512000000000e+09
8.149040695000000000e+09
9.035836076000000000e+09
1.001558168000000000e+10
1.109764501600000000e+10
1.229234183100000000e+10
1.361094989500000000e+10
1.506587813500000000e+10
1.667068920800000000e+10
1.844029332000000000e+10
2.039098275700000000e+10
2.254065444500000000e+10
2.490885800900000000e+10
2.751705259900000000e+10
3.038867197800000000e+10
3.354941949700000000e+10
3.702735520000000000e+10
4.085323531300000000e+10
4.506062458200000000e+10
4.968628842100000000e+10
5.477033632400000000e+10
6.035667328000000000e+10
6.649318209700000000e+10
7.323224375900000000e+10
8.063096476900000000e+10
8.875177880200000000e+10
9.766272855500000000e+10
1.074381594660000000e+11
1.181590684270000000e+11
1.299139046370000000e+11
1.427989959300000000e+11
1.569194752950000000e+11
1.723898002550000000e+11
1.893348225790000000e+11
2.078904201020000000e+11
2.282047327510000000e+11
2.504389251150000000e+11
2.747686171300000000e+11
3.013848020480000000e+11
3.304954996130000000e+11
3.623268598950000000e+11
3.971250747500000000e+11
4.351576978300000000e+11
4.767158572900000000e+11
5.221158311950000000e+11
5.717016056550000000e+11
6.258467531200000000e+11
6.849573909360000000e+11
7.494744117810000000e+11
8.198769083230000000e+11
8.966848175270000000e+11
9.804628804300000000e+11
1.071823774337000000e+12
1.171432692373000000e+12
1.280011042268000000e+12
1.398341745571000000e+12
1.527273599625000000e+12
1.667727404093000000e+12
1.820701100652000000e+12
1.987276856363000000e+12
2.168627105469000000e+12
2.366022741845000000e+12
2.580840212973000000e+12
2.814570987591000000e+12
3.068829878530000000e+12
3.345365983698000000e+12
3.646072432125000000e+12
3.972999029388000000e+12
4.328363658647000000e+12
4.714566886083000000e+12
5.134205287973000000e+12
5.590088317495000000e+12
6.085253859260000000e+12
6.622987708040000000e+12
7.206841706490000000e+12
7.840656226137000000e+12
8.528581302375000000e+12
9.275102575355000000e+12
1.008506588576700000e+13
1.096370720525900000e+13
1.191668123627800000e+13
1.295009592589500000e+13
1.407054569928700000e+13
1.528515124848100000e+13
1.660159810791400000e+13
1.802818251667100000e+13
1.957385616114500000e+13
2.124827900936700000e+13
2.306187117384900000e+13
2.502587376011100000e+13
2.715240892561500000e+13
2.945454994175000000e+13
3.194639069615700000e+13
3.464312632251900000e+13
3.756113358257000000e+13
4.071806362736200000e+13
4.413293488425500000e+13
4.782623974592000000e+13
5.182005183871200000e+13
5.613814867094700000e+13
6.080613543832900000e+13
6.585158597027500000e+13
7.130418551491900000e+13
7.719589266351200000e+13
8.356110392587100000e+13
9.043683966881700000e+13
9.786293370358500000e+13
1.058822467227330000e+14
1.145408845530380000e+14
1.238884430772590000e+14
1.339782593448880000e+14
1.448676924964450000e+14
1.566184125279460000e+14
1.692967223915540000e+14
1.829738898540260000e+14
1.977265166816720000e+14
2.136369198206250000e+14
2.307935543646810000e+14
2.492914511685590000e+14
2.692327012525790000e+14
2.907269579161120000e+14
3.138919913066650000e+14
3.388542642486800000e+14
3.657495668707820000e+14
3.947236766553570000e+14
4.259330844093560000e+14
4.595457504486750000e+14
4.957419347608460000e+14
5.347150629086090000e+14
5.766726749471680000e+14
6.218374165096150000e+14
6.704481230601700000e+14
7.227609536903720000e+14
7.790506295621670000e+14
8.396117303668140000e+14
9.047601083163600000e+14
9.748343699446250000e+14
1.050197489931117000e+15
1.131238503938606000e+15
1.218374349844333000e+15
1.312051800816215000e+15
1.412749565173450000e+15
1.520980492851175000e+15
1.637293969337171000e+15
1.762278433057269000e+15
1.896564103591584000e+15
2.040825852575075000e+15
2.195786311682516000e+15
2.362219145337711000e+15
2.540952590045698000e+15
2.732873183547535000e+15
2.938929793929555000e+15
3.160137867148997000e+15
3.397584011986773000e+15
3.652430836071053000e+15
3.925922161489422000e+15
4.219388528587095000e+15
4.534253126900886000e+15
4.872038056472084000e+15
5.234371069753672000e+15
5.622992691950605000e+15
6.039763882095515000e+15
6.486674127079088000e+15
6.965850144195831000e+15
7.479565078510584000e+15
8.030248384943040000e+15
8.620496275465025000e+15
9.253082936723602000e+15
9.930972392403500000e+15
1.065733123254884000e+16
1.143554207782210400e+16
1.226921801922946400e+16
1.316221789505770400e+16
1.411866266528000400e+16
1.514295273885719400e+16
1.623978653582966400e+16
1.741418013314729600e+16
1.867148829960036400e+16
2.001742676257694400e+16
2.145809603735289200e+16
2.300000665548733600e+16
2.465010615083048800e+16
2.641580763356632800e+16
2.830502034099600400e+16
3.032618198984296400e+16
3.248829335146665600e+16
3.480095486944083200e+16
3.727440577674808000e+16
3.991956552699999200e+16
4.274807803595469600e+16
4.577235854357803200e+16
4.900564363523787200e+16
5.246204422882864000e+16
5.615660211287428800e+16
6.010534983966654400e+16
6.432537460911455200e+16
6.883488594607384800e+16
7.365328786185033600e+16
7.880125530266660800e+16
8.430081563622512000e+16
9.017543498054961600e+16
9.645011019220275200e+16
1.031514663217353280e+17
1.103078604252927680e+17
1.179494915461139680e+17
1.261085178337963520e+17
1.348191806233015200e+17
1.441179365278738240e+17
1.540435973795760320e+17
1.646374791657610560e+17
1.759435598104227520e+17
1.880086470522929920e+17
2.008825562876831680e+17
2.146182997432863040e+17
2.292722868712171520e+17
2.449045374553824000e+17
2.615789073511441280e+17
2.793633284837021440e+17
2.983300630627580800e+17
3.185559737883290880e+17
3.401228100485774080e+17
3.631175120481100160e+17
3.876325329190292480e+17
4.137661809333423360e+17
4.416229819293584640e+17
4.713140642683987840e+17
5.029575665060000000e+17
5.366790703106911360e+17
5.726120588980375680e+17
6.108984037518841600e+17
6.516888799972069120e+17
6.951437134589460480e+17
7.414331598840816640e+17
7.907381196494113280e+17
8.432507885625283840e+17
8.991753483960883200e+17
9.587286979123380480e+17
1.022141228367345408e+18
1.089657644424399744e+18
1.161537834849962752e+18
1.238057794119124992e+18
1.319510599727473408e+18
1.406207446561484032e+18
1.498478743590580992e+18
1.596675274490756864e+18
1.701169427975813632e+18
1.812356499739472896e+18
1.930656072350465792e+18
2.056513475336633856e+18
2.190401332423765248e+18
2.332821198543892480e+18
2.484305294265418240e+18
2.645418340688763904e+18
2.816759503217943040e+18
2.998964447736452096e+18
3.192707518433532928e+18
3.398704041358160384e+18
3.617712763867604480e+18
3.850538434667429376e+18
4.098034535626594816e+18
4.361106170762284032e+18
4.640713124699623424e+18
4.937873096788191232e+18
5.253665124416974848e+18
5.589233202595404800e+18
5.945790114707874816e+18
6.324621482504294400e+18
