0.000000000000000000e+00, 1.000000000000000000e+00, 1.000000000000000000e+00, 1.000000000000000000e+00, 1.000000000000000000e+00, 1.000000000000000000e+00, 1.000000000000000000e+00, 1.000000000000000000e+00
0.000000000000000000e+00, 1.000000000000000000e+00, 1.000000000000000000e+00, 1.000000000000000000e+00, 1.000000000000000000e+00, 1.000000000000000000e+00, 1.000000000000000000e+00, 1.000000000000000000e+00
0.000000000000000000e+00, 1.000000000000000000e+00, 2.000000000000000000e+00, 2.000000000000000000e+00, 2.000000000000000000e+00, 2.000000000000000000e+00, 2.000000000000000000e+00, 2.000000000000000000e+00
0.000000000000000000e+00, 1.000000000000000000e+00, 2.000000000000000000e+00, 3.000000000000000000e+00, 3.000000000000000000e+00, 3.000000000000000000e+00, 3.000000000000000000e+00, 3.000000000000000000e+00
0.000000000000000000e+00, 1.000000000000000000e+00, 3.000000000000000000e+00, 4.000000000000000000e+00, 5.000000000000000000e+00, 5.000000000000000000e+00, 5.000000000000000000e+00, 5.000000000000000000e+00
0.000000000000000000e+00, 1.000000000000000000e+00, 3.000000000000000000e+00, 5.000000000000000000e+00, 6.000000000000000000e+00, 7.000000000000000000e+00, 7.000000000000000000e+00, 7.000000000000000000e+00
0.000000000000000000e+00, 1.000000000000000000e+00, 4.000000000000000000e+00, 7.000000000000000000e+00, 9.000000000000000000e+00, 1.000000000000000000e+01, 1.100000000000000000e+01, 1.100000000000000000e+01
0.000000000000000000e+00, 1.000000000000000000e+00, 4.000000000000000000e+00, 8.000000000000000000e+00, 1.100000000000000000e+01, 1.300000000000000000e+01, 1.400000000000000000e+01, 1.500000000000000000e+01
0.000000000000000000e+00, 1.000000000000000000e+00, 5.000000000000000000e+00, 1.000000000000000000e+01, 1.500000000000000000e+01, 1.800000000000000000e+01, 2.000000000000000000e+01, 2.100000000000000000e+01
0.000000000000000000e+00, 1.000000000000000000e+00, 5.000000000000000000e+00, 1.200000000000000000e+01, 1.800000000000000000e+01, 2.300000000000000000e+01, 2.600000000000000000e+01, 2.800000000000000000e+01
0.000000000000000000e+00, 1.000000000000000000e+00, 6.000000000000000000e+00, 1.400000000000000000e+01, 2.300000000000000000e+01, 3.000000000000000000e+01, 3.500000000000000000e+01, 3.800000000000000000e+01
0.000000000000000000e+00, 1.000000000000000000e+00, 6.000000000000000000e+00, 1.600000000000000000e+01, 2.700000000000000000e+01, 3.700000000000000000e+01, 4.400000000000000000e+01, 4.900000000000000000e+01
0.000000000000000000e+00, 1.000000000000000000e+00, 7.000000000000000000e+00, 1.900000000000000000e+01, 3.400000000000000000e+01, 4.700000000000000000e+01, 5.800000000000000000e+01, 6.500000000000000000e+01
0.000000000000000000e+00, 1.000000000000000000e+00, 7.000000000000000000e+00, 2.100000000000000000e+01, 3.900000000000000000e+01, 5.700000000000000000e+01, 7.100000000000000000e+01, 8.200000000000000000e+01
0.000000000000000000e+00, 1.000000000000000000e+00, 8.000000000000000000e+00, 2.400000000000000000e+01, 4.700000000000000000e+01, 7.000000000000000000e+01, 9.000000000000000000e+01, 1.050000000000000000e+02
0.000000000000000000e+00, 1.000000000000000000e+00, 8.000000000000000000e+00, 2.700000000000000000e+01, 5.400000000000000000e+01, 8.400000000000000000e+01, 1.100000000000000000e+02, 1.310000000000000000e+02
0.000000000000000000e+00, 1.000000000000000000e+00, 9.000000000000000000e+00, 3.000000000000000000e+01, 6.400000000000000000e+01, 1.010000000000000000e+02, 1.360000000000000000e+02, 1.640000000000000000e+02
0.000000000000000000e+00, 1.000000000000000000e+00, 9.000000000000000000e+00, 3.300000000000000000e+01, 7.200000000000000000e+01, 1.190000000000000000e+02, 1.630000000000000000e+02, 2.010000000000000000e+02
0.000000000000000000e+00, 1.000000000000000000e+00, 1.000000000000000000e+01, 3.700000000000000000e+01, 8.400000000000000000e+01, 1.410000000000000000e+02, 1.990000000000000000e+02, 2.480000000000000000e+02
0.000000000000000000e+00, 1.000000000000000000e+00, 1.000000000000000000e+01, 4.000000000000000000e+01, 9.400000000000000000e+01, 1.640000000000000000e+02, 2.350000000000000000e+02, 3.000000000000000000e+02
0.000000000000000000e+00, 1.000000000000000000e+00, 1.100000000000000000e+01, 4.400000000000000000e+01, 1.080000000000000000e+02, 1.920000000000000000e+02, 2.820000000000000000e+02, 3.640000000000000000e+02
0.000000000000000000e+00, 1.000000000000000000e+00, 1.100000000000000000e+01, 4.800000000000000000e+01, 1.200000000000000000e+02, 2.210000000000000000e+02, 3.310000000000000000e+02, 4.360000000000000000e+02
0.000000000000000000e+00, 1.000000000000000000e+00, 1.200000000000000000e+01, 5.200000000000000000e+01, 1.360000000000000000e+02, 2.550000000000000000e+02, 3.910000000000000000e+02, 5.220000000000000000e+02
0.000000000000000000e+00, 1.000000000000000000e+00, 1.200000000000000000e+01, 5.600000000000000000e+01, 1.500000000000000000e+02, 2.910000000000000000e+02, 4.540000000000000000e+02, 6.180000000000000000e+02
0.000000000000000000e+00, 1.000000000000000000e+00, 1.300000000000000000e+01, 6.100000000000000000e+01, 1.690000000000000000e+02, 3.330000000000000000e+02, 5.320000000000000000e+02, 7.330000000000000000e+02
0.000000000000000000e+00, 1.000000000000000000e+00, 1.300000000000000000e+01, 6.500000000000000000e+01, 1.850000000000000000e+02, 3.770000000000000000e+02, 6.120000000000000000e+02, 8.600000000000000000e+02
0.000000000000000000e+00, 1.000000000000000000e+00, 1.400000000000000000e+01, 7.000000000000000000e+01, 2.060000000000000000e+02, 4.270000000000000000e+02, 7.090000000000000000e+02, 1.009000000000000000e+03
0.000000000000000000e+00, 1.000000000000000000e+00, 1.400000000000000000e+01, 7.500000000000000000e+01, 2.250000000000000000e+02, 4.800000000000000000e+02, 8.110000000000000000e+02, 1.175000000000000000e+03
0.000000000000000000e+00, 1.000000000000000000e+00, 1.500000000000000000e+01, 8.000000000000000000e+01, 2.490000000000000000e+02, 5.400000000000000000e+02, 9.310000000000000000e+02, 1.367000000000000000e+03
0.000000000000000000e+00, 1.000000000000000000e+00, 1.500000000000000000e+01, 8.500000000000000000e+01, 2.700000000000000000e+02, 6.030000000000000000e+02, 1.057000000000000000e+03, 1.579000000000000000e+03
0.000000000000000000e+00, 1.000000000000000000e+00, 1.600000000000000000e+01, 9.100000000000000000e+01, 2.970000000000000000e+02, 6.740000000000000000e+02, 1.206000000000000000e+03, 1.824000000000000000e+03
0.000000000000000000e+00, 1.000000000000000000e+00, 1.600000000000000000e+01, 9.600000000000000000e+01, 3.210000000000000000e+02, 7.480000000000000000e+02, 1.360000000000000000e+03, 2.093000000000000000e+03
0.000000000000000000e+00, 1.000000000000000000e+00, 1.700000000000000000e+01, 1.020000000000000000e+02, 3.510000000000000000e+02, 8.310000000000000000e+02, 1.540000000000000000e+03, 2.400000000000000000e+03
0.000000000000000000e+00, 1.000000000000000000e+00, 1.700000000000000000e+01, 1.080000000000000000e+02, 3.780000000000000000e+02, 9.180000000000000000e+02, 1.729000000000000000e+03, 2.738000000000000000e+03
0.000000000000000000e+00, 1.000000000000000000e+00, 1.800000000000000000e+01, 1.140000000000000000e+02, 4.110000000000000000e+02, 1.014000000000000000e+03, 1.945000000000000000e+03, 3.120000000000000000e+03
0.000000000000000000e+00, 1.000000000000000000e+00, 1.800000000000000000e+01, 1.200000000000000000e+02, 4.410000000000000000e+02, 1.115000000000000000e+03, 2.172000000000000000e+03, 3.539000000000000000e+03
0.000000000000000000e+00, 1.000000000000000000e+00, 1.900000000000000000e+01, 1.270000000000000000e+02, 4.780000000000000000e+02, 1.226000000000000000e+03, 2.432000000000000000e+03, 4.011000000000000000e+03
0.000000000000000000e+00, 1.000000000000000000e+00, 1.900000000000000000e+01, 1.330000000000000000e+02, 5.110000000000000000e+02, 1.342000000000000000e+03, 2.702000000000000000e+03, 4.526000000000000000e+03
0.000000000000000000e+00, 1.000000000000000000e+00, 2.000000000000000000e+01, 1.400000000000000000e+02, 5.510000000000000000e+02, 1.469000000000000000e+03, 3.009000000000000000e+03, 5.102000000000000000e+03
0.000000000000000000e+00, 1.000000000000000000e+00, 2.000000000000000000e+01, 1.470000000000000000e+02, 5.880000000000000000e+02, 1.602000000000000000e+03, 3.331000000000000000e+03, 5.731000000000000000e+03
0.000000000000000000e+00, 1.000000000000000000e+00, 2.100000000000000000e+01, 1.540000000000000000e+02, 6.320000000000000000e+02, 1.747000000000000000e+03, 3.692000000000000000e+03, 6.430000000000000000e+03
0.000000000000000000e+00, 1.000000000000000000e+00, 2.100000000000000000e+01, 1.610000000000000000e+02, 6.720000000000000000e+02, 1.898000000000000000e+03, 4.070000000000000000e+03, 7.190000000000000000e+03
0.000000000000000000e+00, 1.000000000000000000e+00, 2.200000000000000000e+01, 1.690000000000000000e+02, 7.200000000000000000e+02, 2.062000000000000000e+03, 4.494000000000000000e+03, 8.033000000000000000e+03
0.000000000000000000e+00, 1.000000000000000000e+00, 2.200000000000000000e+01, 1.760000000000000000e+02, 7.640000000000000000e+02, 2.233000000000000000e+03, 4.935000000000000000e+03, 8.946000000000000000e+03
0.000000000000000000e+00, 1.000000000000000000e+00, 2.300000000000000000e+01, 1.840000000000000000e+02, 8.160000000000000000e+02, 2.418000000000000000e+03, 5.427000000000000000e+03, 9.953000000000000000e+03
0.000000000000000000e+00, 1.000000000000000000e+00, 2.300000000000000000e+01, 1.920000000000000000e+02, 8.640000000000000000e+02, 2.611000000000000000e+03, 5.942000000000000000e+03, 1.104400000000000000e+04
0.000000000000000000e+00, 1.000000000000000000e+00, 2.400000000000000000e+01, 2.000000000000000000e+02, 9.200000000000000000e+02, 2.818000000000000000e+03, 6.510000000000000000e+03, 1.224100000000000000e+04
0.000000000000000000e+00, 1.000000000000000000e+00, 2.400000000000000000e+01, 2.080000000000000000e+02, 9.720000000000000000e+02, 3.034000000000000000e+03, 7.104000000000000000e+03, 1.353400000000000000e+04
0.000000000000000000e+00, 1.000000000000000000e+00, 2.500000000000000000e+01, 2.170000000000000000e+02, 1.033000000000000000e+03, 3.266000000000000000e+03, 7.760000000000000000e+03, 1.495000000000000000e+04
0.000000000000000000e+00, 1.000000000000000000e+00, 2.500000000000000000e+01, 2.250000000000000000e+02, 1.089000000000000000e+03, 3.507000000000000000e+03, 8.442000000000000000e+03, 1.647500000000000000e+04
0.000000000000000000e+00, 1.000000000000000000e+00, 2.600000000000000000e+01, 2.340000000000000000e+02, 1.154000000000000000e+03, 3.765000000000000000e+03, 9.192000000000000000e+03, 1.813800000000000000e+04
0.000000000000000000e+00, 1.000000000000000000e+00, 2.600000000000000000e+01, 2.430000000000000000e+02, 1.215000000000000000e+03, 4.033000000000000000e+03, 9.975000000000000000e+03, 1.992800000000000000e+04
0.000000000000000000e+00, 1.000000000000000000e+00, 2.700000000000000000e+01, 2.520000000000000000e+02, 1.285000000000000000e+03, 4.319000000000000000e+03, 1.082900000000000000e+04, 2.187300000000000000e+04
0.000000000000000000e+00, 1.000000000000000000e+00, 2.700000000000000000e+01, 2.610000000000000000e+02, 1.350000000000000000e+03, 4.616000000000000000e+03, 1.172000000000000000e+04, 2.396100000000000000e+04
0.000000000000000000e+00, 1.000000000000000000e+00, 2.800000000000000000e+01, 2.710000000000000000e+02, 1.425000000000000000e+03, 4.932000000000000000e+03, 1.269200000000000000e+04, 2.622600000000000000e+04
0.000000000000000000e+00, 1.000000000000000000e+00, 2.800000000000000000e+01, 2.800000000000000000e+02, 1.495000000000000000e+03, 5.260000000000000000e+03, 1.370200000000000000e+04, 2.865200000000000000e+04
0.000000000000000000e+00, 1.000000000000000000e+00, 2.900000000000000000e+01, 2.900000000000000000e+02, 1.575000000000000000e+03, 5.608000000000000000e+03, 1.480000000000000000e+04, 3.127500000000000000e+04
0.000000000000000000e+00, 1.000000000000000000e+00, 2.900000000000000000e+01, 3.000000000000000000e+02, 1.650000000000000000e+03, 5.969000000000000000e+03, 1.594400000000000000e+04, 3.408200000000000000e+04
0.000000000000000000e+00, 1.000000000000000000e+00, 3.000000000000000000e+01, 3.100000000000000000e+02, 1.735000000000000000e+03, 6.351000000000000000e+03, 1.718000000000000000e+04, 3.710800000000000000e+04
0.000000000000000000e+00, 1.000000000000000000e+00, 3.000000000000000000e+01, 3.200000000000000000e+02, 1.815000000000000000e+03, 6.747000000000000000e+03, 1.846700000000000000e+04, 4.034000000000000000e+04
0.000000000000000000e+00, 1.000000000000000000e+00, 3.100000000000000000e+01, 3.310000000000000000e+02, 1.906000000000000000e+03, 7.166000000000000000e+03, 1.985800000000000000e+04, 4.381900000000000000e+04
0.000000000000000000e+00, 1.000000000000000000e+00, 3.100000000000000000e+01, 3.410000000000000000e+02, 1.991000000000000000e+03, 7.599000000000000000e+03, 2.130100000000000000e+04, 4.752700000000000000e+04
0.000000000000000000e+00, 1.000000000000000000e+00, 3.200000000000000000e+01, 3.520000000000000000e+02, 2.087000000000000000e+03, 8.056000000000000000e+03, 2.285600000000000000e+04, 5.150800000000000000e+04
0.000000000000000000e+00, 1.000000000000000000e+00, 3.200000000000000000e+01, 3.630000000000000000e+02, 2.178000000000000000e+03, 8.529000000000000000e+03, 2.447300000000000000e+04, 5.574800000000000000e+04
0.000000000000000000e+00, 1.000000000000000000e+00, 3.300000000000000000e+01, 3.740000000000000000e+02, 2.280000000000000000e+03, 9.027000000000000000e+03, 2.620700000000000000e+04, 6.028900000000000000e+04
0.000000000000000000e+00, 1.000000000000000000e+00, 3.300000000000000000e+01, 3.850000000000000000e+02, 2.376000000000000000e+03, 9.542000000000000000e+03, 2.800900000000000000e+04, 6.511700000000000000e+04
0.000000000000000000e+00, 1.000000000000000000e+00, 3.400000000000000000e+01, 3.970000000000000000e+02, 2.484000000000000000e+03, 1.008300000000000000e+04, 2.994100000000000000e+04, 7.028100000000000000e+04
0.000000000000000000e+00, 1.000000000000000000e+00, 3.400000000000000000e+01, 4.080000000000000000e+02, 2.586000000000000000e+03, 1.064200000000000000e+04, 3.194300000000000000e+04, 7.576200000000000000e+04
0.000000000000000000e+00, 1.000000000000000000e+00, 3.500000000000000000e+01, 4.200000000000000000e+02, 2.700000000000000000e+03, 1.122900000000000000e+04, 3.408500000000000000e+04, 8.161200000000000000e+04
0.000000000000000000e+00, 1.000000000000000000e+00, 3.500000000000000000e+01, 4.320000000000000000e+02, 2.808000000000000000e+03, 1.183500000000000000e+04, 3.630800000000000000e+04, 8.781600000000000000e+04
0.000000000000000000e+00, 1.000000000000000000e+00, 3.600000000000000000e+01, 4.440000000000000000e+02, 2.928000000000000000e+03, 1.247000000000000000e+04, 3.867700000000000000e+04, 9.442500000000000000e+04
0.000000000000000000e+00, 1.000000000000000000e+00, 3.600000000000000000e+01, 4.560000000000000000e+02, 3.042000000000000000e+03, 1.312500000000000000e+04, 4.113400000000000000e+04, 1.014230000000000000e+05
0.000000000000000000e+00, 1.000000000000000000e+00, 3.700000000000000000e+01, 4.690000000000000000e+02, 3.169000000000000000e+03, 1.381100000000000000e+04, 4.375200000000000000e+04, 1.088690000000000000e+05
0.000000000000000000e+00, 1.000000000000000000e+00, 3.700000000000000000e+01, 4.810000000000000000e+02, 3.289000000000000000e+03, 1.451800000000000000e+04, 4.646100000000000000e+04, 1.167420000000000000e+05
0.000000000000000000e+00, 1.000000000000000000e+00, 3.800000000000000000e+01, 4.940000000000000000e+02, 3.422000000000000000e+03, 1.525700000000000000e+04, 4.934200000000000000e+04, 1.251040000000000000e+05
0.000000000000000000e+00, 1.000000000000000000e+00, 3.800000000000000000e+01, 5.070000000000000000e+02, 3.549000000000000000e+03, 1.601900000000000000e+04, 5.232700000000000000e+04, 1.339390000000000000e+05
0.000000000000000000e+00, 1.000000000000000000e+00, 3.900000000000000000e+01, 5.200000000000000000e+02, 3.689000000000000000e+03, 1.681400000000000000e+04, 5.549100000000000000e+04, 1.433070000000000000e+05
0.000000000000000000e+00, 1.000000000000000000e+00, 3.900000000000000000e+01, 5.330000000000000000e+02, 3.822000000000000000e+03, 1.763300000000000000e+04, 5.876700000000000000e+04, 1.531920000000000000e+05
0.000000000000000000e+00, 1.000000000000000000e+00, 4.000000000000000000e+01, 5.470000000000000000e+02, 3.969000000000000000e+03, 1.848700000000000000e+04, 6.223900000000000000e+04, 1.636620000000000000e+05
0.000000000000000000e+00, 1.000000000000000000e+00, 4.000000000000000000e+01, 5.600000000000000000e+02, 4.109000000000000000e+03, 1.936600000000000000e+04, 6.582700000000000000e+04, 1.746960000000000000e+05
0.000000000000000000e+00, 1.000000000000000000e+00, 4.100000000000000000e+01, 5.740000000000000000e+02, 4.263000000000000000e+03, 2.028200000000000000e+04, 6.962400000000000000e+04, 1.863660000000000000e+05
0.000000000000000000e+00, 1.000000000000000000e+00, 4.100000000000000000e+01, 5.880000000000000000e+02, 4.410000000000000000e+03, 2.122400000000000000e+04, 7.355100000000000000e+04, 1.986550000000000000e+05
0.000000000000000000e+00, 1.000000000000000000e+00, 4.200000000000000000e+01, 6.020000000000000000e+02, 4.571000000000000000e+03, 2.220400000000000000e+04, 7.769500000000000000e+04, 2.116340000000000000e+05
0.000000000000000000e+00, 1.000000000000000000e+00, 4.200000000000000000e+01, 6.160000000000000000e+02, 4.725000000000000000e+03, 2.321200000000000000e+04, 8.197900000000000000e+04, 2.252860000000000000e+05
0.000000000000000000e+00, 1.000000000000000000e+00, 4.300000000000000000e+01, 6.310000000000000000e+02, 4.894000000000000000e+03, 2.426000000000000000e+04, 8.649900000000000000e+04, 2.396910000000000000e+05
0.000000000000000000e+00, 1.000000000000000000e+00, 4.300000000000000000e+01, 6.450000000000000000e+02, 5.055000000000000000e+03, 2.533700000000000000e+04, 9.116400000000000000e+04, 2.548260000000000000e+05
0.000000000000000000e+00, 1.000000000000000000e+00, 4.400000000000000000e+01, 6.600000000000000000e+02, 5.231000000000000000e+03, 2.645500000000000000e+04, 9.607900000000000000e+04, 2.707750000000000000e+05
0.000000000000000000e+00, 1.000000000000000000e+00, 4.400000000000000000e+01, 6.750000000000000000e+02, 5.400000000000000000e+03, 2.760400000000000000e+04, 1.011550000000000000e+05, 2.875210000000000000e+05
0.000000000000000000e+00, 1.000000000000000000e+00, 4.500000000000000000e+01, 6.900000000000000000e+02, 5.584000000000000000e+03, 2.879600000000000000e+04, 1.064910000000000000e+05, 3.051460000000000000e+05
0.000000000000000000e+00, 1.000000000000000000e+00, 4.500000000000000000e+01, 7.050000000000000000e+02, 5.760000000000000000e+03, 3.002000000000000000e+04, 1.119990000000000000e+05, 3.236330000000000000e+05
0.000000000000000000e+00, 1.000000000000000000e+00, 4.600000000000000000e+01, 7.210000000000000000e+02, 5.952000000000000000e+03, 3.128900000000000000e+04, 1.177880000000000000e+05, 3.430740000000000000e+05
0.000000000000000000e+00, 1.000000000000000000e+00, 4.600000000000000000e+01, 7.360000000000000000e+02, 6.136000000000000000e+03, 3.259100000000000000e+04, 1.237550000000000000e+05, 3.634460000000000000e+05
0.000000000000000000e+00, 1.000000000000000000e+00, 4.700000000000000000e+01, 7.520000000000000000e+02, 6.336000000000000000e+03, 3.394000000000000000e+04, 1.300190000000000000e+05, 3.848450000000000000e+05
0.000000000000000000e+00, 1.000000000000000000e+00, 4.700000000000000000e+01, 7.680000000000000000e+02, 6.528000000000000000e+03, 3.532400000000000000e+04, 1.364790000000000000e+05, 4.072540000000000000e+05
0.000000000000000000e+00, 1.000000000000000000e+00, 4.800000000000000000e+01, 7.840000000000000000e+02, 6.736000000000000000e+03, 3.675600000000000000e+04, 1.432470000000000000e+05, 4.307680000000000000e+05
0.000000000000000000e+00, 1.000000000000000000e+00, 4.800000000000000000e+01, 8.000000000000000000e+02, 6.936000000000000000e+03, 3.822500000000000000e+04, 1.502240000000000000e+05, 4.553700000000000000e+05
0.000000000000000000e+00, 1.000000000000000000e+00, 4.900000000000000000e+01, 8.170000000000000000e+02, 7.153000000000000000e+03, 3.974400000000000000e+04, 1.575320000000000000e+05, 4.811650000000000000e+05
0.000000000000000000e+00, 1.000000000000000000e+00, 4.900000000000000000e+01, 8.330000000000000000e+02, 7.361000000000000000e+03, 4.130100000000000000e+04, 1.650560000000000000e+05, 5.081300000000000000e+05
0.000000000000000000e+00, 1.000000000000000000e+00, 5.000000000000000000e+01, 8.500000000000000000e+02, 7.586000000000000000e+03, 4.291000000000000000e+04, 1.729290000000000000e+05, 5.363750000000000000e+05
0.000000000000000000e+00, 1.000000000000000000e+00, 5.000000000000000000e+01, 8.670000000000000000e+02, 7.803000000000000000e+03, 4.455900000000000000e+04, 1.810380000000000000e+05, 5.658830000000000000e+05
0.000000000000000000e+00, 1.000000000000000000e+00, 5.100000000000000000e+01, 8.840000000000000000e+02, 8.037000000000000000e+03, 4.626200000000000000e+04, 1.895090000000000000e+05, 5.967630000000000000e+05
0.000000000000000000e+00, 1.000000000000000000e+00, 5.100000000000000000e+01, 9.010000000000000000e+02, 8.262000000000000000e+03, 4.800600000000000000e+04, 1.982300000000000000e+05, 6.289980000000000000e+05
0.000000000000000000e+00, 1.000000000000000000e+00, 5.200000000000000000e+01, 9.190000000000000000e+02, 8.505000000000000000e+03, 4.980600000000000000e+04, 2.073380000000000000e+05, 6.627080000000000000e+05
0.000000000000000000e+00, 1.000000000000000000e+00, 5.200000000000000000e+01, 9.360000000000000000e+02, 8.739000000000000000e+03, 5.164900000000000000e+04, 2.167050000000000000e+05, 6.978700000000000000e+05
0.000000000000000000e+00, 1.000000000000000000e+00, 5.300000000000000000e+01, 9.540000000000000000e+02, 8.991000000000000000e+03, 5.355000000000000000e+04, 2.264790000000000000e+05, 7.346090000000000000e+05
0.000000000000000000e+00, 1.000000000000000000e+00, 5.300000000000000000e+01, 9.720000000000000000e+02, 9.234000000000000000e+03, 5.549600000000000000e+04, 2.365340000000000000e+05, 7.729090000000000000e+05
0.000000000000000000e+00, 1.000000000000000000e+00, 5.400000000000000000e+01, 9.900000000000000000e+02, 9.495000000000000000e+03, 5.750100000000000000e+04, 2.470100000000000000e+05, 8.128930000000000000e+05
0.000000000000000000e+00, 1.000000000000000000e+00, 5.400000000000000000e+01, 1.008000000000000000e+03, 9.747000000000000000e+03, 5.955300000000000000e+04, 2.577830000000000000e+05, 8.545460000000000000e+05
0.000000000000000000e+00, 1.000000000000000000e+00, 5.500000000000000000e+01, 1.027000000000000000e+03, 1.001800000000000000e+04, 6.166700000000000000e+04, 2.690050000000000000e+05, 8.980030000000000000e+05
0.000000000000000000e+00, 1.000000000000000000e+00, 5.500000000000000000e+01, 1.045000000000000000e+03, 1.027900000000000000e+04, 6.382900000000000000e+04, 2.805340000000000000e+05, 9.432420000000000000e+05
0.000000000000000000e+00, 1.000000000000000000e+00, 5.600000000000000000e+01, 1.064000000000000000e+03, 1.055900000000000000e+04, 6.605500000000000000e+04, 2.925340000000000000e+05, 9.904040000000000000e+05
0.000000000000000000e+00, 1.000000000000000000e+00, 5.600000000000000000e+01, 1.083000000000000000e+03, 1.083000000000000000e+04, 6.833100000000000000e+04, 3.048650000000000000e+05, 1.039474000000000000e+06
0.000000000000000000e+00, 1.000000000000000000e+00, 5.700000000000000000e+01, 1.102000000000000000e+03, 1.112000000000000000e+04, 7.067300000000000000e+04, 3.176830000000000000e+05, 1.090592000000000000e+06
0.000000000000000000e+00, 1.000000000000000000e+00, 5.700000000000000000e+01, 1.121000000000000000e+03, 1.140000000000000000e+04, 7.306700000000000000e+04, 3.308500000000000000e+05, 1.143743000000000000e+06
0.000000000000000000e+00, 1.000000000000000000e+00, 5.800000000000000000e+01, 1.141000000000000000e+03, 1.170000000000000000e+04, 7.552900000000000000e+04, 3.445340000000000000e+05, 1.199080000000000000e+06
0.000000000000000000e+00, 1.000000000000000000e+00, 5.800000000000000000e+01, 1.160000000000000000e+03, 1.199000000000000000e+04, 7.804500000000000000e+04, 3.585790000000000000e+05, 1.256582000000000000e+06
0.000000000000000000e+00, 1.000000000000000000e+00, 5.900000000000000000e+01, 1.180000000000000000e+03, 1.230000000000000000e+04, 8.063100000000000000e+04, 3.731650000000000000e+05, 1.316407000000000000e+06
0.000000000000000000e+00, 1.000000000000000000e+00, 5.900000000000000000e+01, 1.200000000000000000e+03, 1.260000000000000000e+04, 8.327300000000000000e+04, 3.881380000000000000e+05, 1.378542000000000000e+06
0.000000000000000000e+00, 1.000000000000000000e+00, 6.000000000000000000e+01, 1.220000000000000000e+03, 1.292000000000000000e+04, 8.598700000000000000e+04, 4.036700000000000000e+05, 1.443144000000000000e+06
0.000000000000000000e+00, 1.000000000000000000e+00, 6.000000000000000000e+01, 1.240000000000000000e+03, 1.323000000000000000e+04, 8.875900000000000000e+04, 4.196090000000000000e+05, 1.510201000000000000e+06
0.000000000000000000e+00, 1.000000000000000000e+00, 6.100000000000000000e+01, 1.261000000000000000e+03, 1.356100000000000000e+04, 9.160600000000000000e+04, 4.361400000000000000e+05, 1.579883000000000000e+06
0.000000000000000000e+00, 1.000000000000000000e+00, 6.100000000000000000e+01, 1.281000000000000000e+03, 1.388100000000000000e+04, 9.451200000000000000e+04, 4.530910000000000000e+05, 1.652171000000000000e+06
0.000000000000000000e+00, 1.000000000000000000e+00, 6.200000000000000000e+01, 1.302000000000000000e+03, 1.422200000000000000e+04, 9.749500000000000000e+04, 4.706600000000000000e+05, 1.727242000000000000e+06
0.000000000000000000e+00, 1.000000000000000000e+00, 6.200000000000000000e+01, 1.323000000000000000e+03, 1.455300000000000000e+04, 1.005400000000000000e+05, 4.886780000000000000e+05, 1.805085000000000000e+06
0.000000000000000000e+00, 1.000000000000000000e+00, 6.300000000000000000e+01, 1.344000000000000000e+03, 1.490500000000000000e+04, 1.036640000000000000e+05, 5.073340000000000000e+05, 1.885876000000000000e+06
0.000000000000000000e+00, 1.000000000000000000e+00, 6.300000000000000000e+01, 1.365000000000000000e+03, 1.524600000000000000e+04, 1.068520000000000000e+05, 5.264610000000000000e+05, 1.969605000000000000e+06
0.000000000000000000e+00, 1.000000000000000000e+00, 6.400000000000000000e+01, 1.387000000000000000e+03, 1.560900000000000000e+04, 1.101210000000000000e+05, 5.462610000000000000e+05, 2.056462000000000000e+06
0.000000000000000000e+00, 1.000000000000000000e+00, 6.400000000000000000e+01, 1.408000000000000000e+03, 1.596100000000000000e+04, 1.134560000000000000e+05, 5.665470000000000000e+05, 2.146430000000000000e+06
0.000000000000000000e+00, 1.000000000000000000e+00, 6.500000000000000000e+01, 1.430000000000000000e+03, 1.633500000000000000e+04, 1.168750000000000000e+05, 5.875350000000000000e+05, 2.239706000000000000e+06
0.000000000000000000e+00, 1.000000000000000000e+00, 6.500000000000000000e+01, 1.452000000000000000e+03, 1.669800000000000000e+04, 1.203620000000000000e+05, 6.090400000000000000e+05, 2.336282000000000000e+06
0.000000000000000000e+00, 1.000000000000000000e+00, 6.600000000000000000e+01, 1.474000000000000000e+03, 1.708300000000000000e+04, 1.239350000000000000e+05, 6.312690000000000000e+05, 2.436354000000000000e+06
0.000000000000000000e+00, 1.000000000000000000e+00, 6.600000000000000000e+01, 1.496000000000000000e+03, 1.745700000000000000e+04, 1.275780000000000000e+05, 6.540390000000000000e+05, 2.539915000000000000e+06
0.000000000000000000e+00, 1.000000000000000000e+00, 6.700000000000000000e+01, 1.519000000000000000e+03, 1.785400000000000000e+04, 1.313100000000000000e+05, 6.775710000000000000e+05, 2.647176000000000000e+06
0.000000000000000000e+00, 1.000000000000000000e+00, 6.700000000000000000e+01, 1.541000000000000000e+03, 1.823900000000000000e+04, 1.351140000000000000e+05, 7.016610000000000000e+05, 2.758123000000000000e+06
0.000000000000000000e+00, 1.000000000000000000e+00, 6.800000000000000000e+01, 1.564000000000000000e+03, 1.864700000000000000e+04, 1.390090000000000000e+05, 7.265440000000000000e+05, 2.872974000000000000e+06
0.000000000000000000e+00, 1.000000000000000000e+00, 6.800000000000000000e+01, 1.587000000000000000e+03, 1.904400000000000000e+04, 1.429790000000000000e+05, 7.520190000000000000e+05, 2.991725000000000000e+06
0.000000000000000000e+00, 1.000000000000000000e+00, 6.900000000000000000e+01, 1.610000000000000000e+03, 1.946400000000000000e+04, 1.470420000000000000e+05, 7.783110000000000000e+05, 3.114593000000000000e+06
0.000000000000000000e+00, 1.000000000000000000e+00, 6.900000000000000000e+01, 1.633000000000000000e+03, 1.987200000000000000e+04, 1.511820000000000000e+05, 8.052210000000000000e+05, 3.241575000000000000e+06
0.000000000000000000e+00, 1.000000000000000000e+00, 7.000000000000000000e+01, 1.657000000000000000e+03, 2.030400000000000000e+04, 1.554180000000000000e+05, 8.329890000000000000e+05, 3.372904000000000000e+06
0.000000000000000000e+00, 1.000000000000000000e+00, 7.000000000000000000e+01, 1.680000000000000000e+03, 2.072400000000000000e+04, 1.597330000000000000e+05, 8.613940000000000000e+05, 3.508570000000000000e+06
0.000000000000000000e+00, 1.000000000000000000e+00, 7.100000000000000000e+01, 1.704000000000000000e+03, 2.116800000000000000e+04, 1.641470000000000000e+05, 8.906910000000000000e+05, 3.648814000000000000e+06
0.000000000000000000e+00, 1.000000000000000000e+00, 7.100000000000000000e+01, 1.728000000000000000e+03, 2.160000000000000000e+04, 1.686420000000000000e+05, 9.206610000000000000e+05, 3.793635000000000000e+06
0.000000000000000000e+00, 1.000000000000000000e+00, 7.200000000000000000e+01, 1.752000000000000000e+03, 2.205600000000000000e+04, 1.732380000000000000e+05, 9.515490000000000000e+05, 3.943274000000000000e+06
0.000000000000000000e+00, 1.000000000000000000e+00, 7.200000000000000000e+01, 1.776000000000000000e+03, 2.250000000000000000e+04, 1.779180000000000000e+05, 9.831390000000000000e+05, 4.097732000000000000e+06
0.000000000000000000e+00, 1.000000000000000000e+00, 7.300000000000000000e+01, 1.801000000000000000e+03, 2.296900000000000000e+04, 1.827020000000000000e+05, 1.015691000000000000e+06, 4.257266000000000000e+06
0.000000000000000000e+00, 1.000000000000000000e+00, 7.300000000000000000e+01, 1.825000000000000000e+03, 2.342500000000000000e+04, 1.875720000000000000e+05, 1.048966000000000000e+06, 4.421870000000000000e+06
0.000000000000000000e+00, 1.000000000000000000e+00, 7.400000000000000000e+01, 1.850000000000000000e+03, 2.390600000000000000e+04, 1.925480000000000000e+05, 1.083239000000000000e+06, 4.591809000000000000e+06
0.000000000000000000e+00, 1.000000000000000000e+00, 7.400000000000000000e+01, 1.875000000000000000e+03, 2.437500000000000000e+04, 1.976130000000000000e+05, 1.118274000000000000e+06, 4.767088000000000000e+06
0.000000000000000000e+00, 1.000000000000000000e+00, 7.500000000000000000e+01, 1.900000000000000000e+03, 2.486900000000000000e+04, 2.027870000000000000e+05, 1.154336000000000000e+06, 4.947971000000000000e+06
0.000000000000000000e+00, 1.000000000000000000e+00, 7.500000000000000000e+01, 1.925000000000000000e+03, 2.535000000000000000e+04, 2.080520000000000000e+05, 1.191191000000000000e+06, 5.134465000000000000e+06
0.000000000000000000e+00, 1.000000000000000000e+00, 7.600000000000000000e+01, 1.951000000000000000e+03, 2.585700000000000000e+04, 2.134290000000000000e+05, 1.229120000000000000e+06, 5.326852000000000000e+06
0.000000000000000000e+00, 1.000000000000000000e+00, 7.600000000000000000e+01, 1.976000000000000000e+03, 2.635100000000000000e+04, 2.188990000000000000e+05, 1.267865000000000000e+06, 5.525131000000000000e+06
0.000000000000000000e+00, 1.000000000000000000e+00, 7.700000000000000000e+01, 2.002000000000000000e+03, 2.687100000000000000e+04, 2.244840000000000000e+05, 1.307723000000000000e+06, 5.729593000000000000e+06
0.000000000000000000e+00, 1.000000000000000000e+00, 7.700000000000000000e+01, 2.028000000000000000e+03, 2.737800000000000000e+04, 2.301650000000000000e+05, 1.348439000000000000e+06, 5.940248000000000000e+06
0.000000000000000000e+00, 1.000000000000000000e+00, 7.800000000000000000e+01, 2.054000000000000000e+03, 2.791100000000000000e+04, 2.359630000000000000e+05, 1.390299000000000000e+06, 6.157387000000000000e+06
0.000000000000000000e+00, 1.000000000000000000e+00, 7.800000000000000000e+01, 2.080000000000000000e+03, 2.843100000000000000e+04, 2.418600000000000000e+05, 1.433051000000000000e+06, 6.381022000000000000e+06
0.000000000000000000e+00, 1.000000000000000000e+00, 7.900000000000000000e+01, 2.107000000000000000e+03, 2.897800000000000000e+04, 2.478770000000000000e+05, 1.476997000000000000e+06, 6.611462000000000000e+06
0.000000000000000000e+00, 1.000000000000000000e+00, 7.900000000000000000e+01, 2.133000000000000000e+03, 2.951100000000000000e+04, 2.539950000000000000e+05, 1.521860000000000000e+06, 6.848712000000000000e+06
0.000000000000000000e+00, 1.000000000000000000e+00, 8.000000000000000000e+01, 2.160000000000000000e+03, 3.007100000000000000e+04, 2.602360000000000000e+05, 1.567959000000000000e+06, 7.093090000000000000e+06
0.000000000000000000e+00, 1.000000000000000000e+00, 8.000000000000000000e+01, 2.187000000000000000e+03, 3.061800000000000000e+04, 2.665810000000000000e+05, 1.615020000000000000e+06, 7.344613000000000000e+06
0.000000000000000000e+00, 1.000000000000000000e+00, 8.100000000000000000e+01, 2.214000000000000000e+03, 3.119200000000000000e+04, 2.730520000000000000e+05, 1.663351000000000000e+06, 7.603599000000000000e+06
0.000000000000000000e+00, 1.000000000000000000e+00, 8.100000000000000000e+01, 2.241000000000000000e+03, 3.175200000000000000e+04, 2.796290000000000000e+05, 1.712680000000000000e+06, 7.870067000000000000e+06
0.000000000000000000e+00, 1.000000000000000000e+00, 8.200000000000000000e+01, 2.269000000000000000e+03, 3.234000000000000000e+04, 2.863350000000000000e+05, 1.763332000000000000e+06, 8.144354000000000000e+06
0.000000000000000000e+00, 1.000000000000000000e+00, 8.200000000000000000e+01, 2.296000000000000000e+03, 3.291400000000000000e+04, 2.931500000000000000e+05, 1.815010000000000000e+06, 8.426472000000000000e+06
0.000000000000000000e+00, 1.000000000000000000e+00, 8.300000000000000000e+01, 2.324000000000000000e+03, 3.351600000000000000e+04, 3.000970000000000000e+05, 1.868056000000000000e+06, 8.716768000000000000e+06
0.000000000000000000e+00, 1.000000000000000000e+00, 8.300000000000000000e+01, 2.352000000000000000e+03, 3.410400000000000000e+04, 3.071560000000000000e+05, 1.922176000000000000e+06, 9.015266000000000000e+06
0.000000000000000000e+00, 1.000000000000000000e+00, 8.400000000000000000e+01, 2.380000000000000000e+03, 3.472000000000000000e+04, 3.143490000000000000e+05, 1.977700000000000000e+06, 9.322313000000000000e+06
0.000000000000000000e+00, 1.000000000000000000e+00, 8.400000000000000000e+01, 2.408000000000000000e+03, 3.532200000000000000e+04, 3.216570000000000000e+05, 2.034337000000000000e+06, 9.637936000000000000e+06
0.000000000000000000e+00, 1.000000000000000000e+00, 8.500000000000000000e+01, 2.437000000000000000e+03, 3.595300000000000000e+04, 3.291030000000000000e+05, 2.092435000000000000e+06, 9.962502000000000000e+06
0.000000000000000000e+00, 1.000000000000000000e+00, 8.500000000000000000e+01, 2.465000000000000000e+03, 3.656900000000000000e+04, 3.366660000000000000e+05, 2.151676000000000000e+06, 1.029603000000000000e+07
0.000000000000000000e+00, 1.000000000000000000e+00, 8.600000000000000000e+01, 2.494000000000000000e+03, 3.721400000000000000e+04, 3.443700000000000000e+05, 2.212426000000000000e+06, 1.063889800000000000e+07
0.000000000000000000e+00, 1.000000000000000000e+00, 8.600000000000000000e+01, 2.523000000000000000e+03, 3.784500000000000000e+04, 3.521940000000000000e+05, 2.274370000000000000e+06, 1.099113800000000000e+07
0.000000000000000000e+00, 1.000000000000000000e+00, 8.700000000000000000e+01, 2.552000000000000000e+03, 3.850500000000000000e+04, 3.601620000000000000e+05, 2.337862000000000000e+06, 1.135312800000000000e+07
0.000000000000000000e+00, 1.000000000000000000e+00, 8.700000000000000000e+01, 2.581000000000000000e+03, 3.915000000000000000e+04, 3.682530000000000000e+05, 2.402590000000000000e+06, 1.172490300000000000e+07
0.000000000000000000e+00, 1.000000000000000000e+00, 8.800000000000000000e+01, 2.611000000000000000e+03, 3.982500000000000000e+04, 3.764910000000000000e+05, 2.468926000000000000e+06, 1.210686200000000000e+07
0.000000000000000000e+00, 1.000000000000000000e+00, 8.800000000000000000e+01, 2.640000000000000000e+03, 4.048500000000000000e+04, 3.848550000000000000e+05, 2.536531000000000000e+06, 1.249903300000000000e+07
0.000000000000000000e+00, 1.000000000000000000e+00, 8.900000000000000000e+01, 2.670000000000000000e+03, 4.117500000000000000e+04, 3.933690000000000000e+05, 2.605795000000000000e+06, 1.290182500000000000e+07
0.000000000000000000e+00, 1.000000000000000000e+00, 8.900000000000000000e+01, 2.700000000000000000e+03, 4.185000000000000000e+04, 4.020120000000000000e+05, 2.676382000000000000e+06, 1.331528000000000000e+07
0.000000000000000000e+00, 1.000000000000000000e+00, 9.000000000000000000e+01, 2.730000000000000000e+03, 4.255500000000000000e+04, 4.108080000000000000e+05, 2.748670000000000000e+06, 1.373980800000000000e+07
0.000000000000000000e+00, 1.000000000000000000e+00, 9.000000000000000000e+01, 2.760000000000000000e+03, 4.324500000000000000e+04, 4.197360000000000000e+05, 2.822326000000000000e+06, 1.417545400000000000e+07
0.000000000000000000e+00, 1.000000000000000000e+00, 9.100000000000000000e+01, 2.791000000000000000e+03, 4.396600000000000000e+04, 4.288210000000000000e+05, 2.897747000000000000e+06, 1.462265000000000000e+07
0.000000000000000000e+00, 1.000000000000000000e+00, 9.100000000000000000e+01, 2.821000000000000000e+03, 4.467100000000000000e+04, 4.380400000000000000e+05, 2.974571000000000000e+06, 1.508143300000000000e+07
0.000000000000000000e+00, 1.000000000000000000e+00, 9.200000000000000000e+01, 2.852000000000000000e+03, 4.540700000000000000e+04, 4.474190000000000000e+05, 3.053214000000000000e+06, 1.555224700000000000e+07
0.000000000000000000e+00, 1.000000000000000000e+00, 9.200000000000000000e+01, 2.883000000000000000e+03, 4.612800000000000000e+04, 4.569360000000000000e+05, 3.133318000000000000e+06, 1.603514300000000000e+07
0.000000000000000000e+00, 1.000000000000000000e+00, 9.300000000000000000e+01, 2.914000000000000000e+03, 4.688000000000000000e+04, 4.666160000000000000e+05, 3.215286000000000000e+06, 1.653056600000000000e+07
0.000000000000000000e+00, 1.000000000000000000e+00, 9.300000000000000000e+01, 2.945000000000000000e+03, 4.761600000000000000e+04, 4.764370000000000000e+05, 3.298763000000000000e+06, 1.703857100000000000e+07
0.000000000000000000e+00, 1.000000000000000000e+00, 9.400000000000000000e+01, 2.977000000000000000e+03, 4.838400000000000000e+04, 4.864240000000000000e+05, 3.384171000000000000e+06, 1.755962500000000000e+07
0.000000000000000000e+00, 1.000000000000000000e+00, 9.400000000000000000e+01, 3.008000000000000000e+03, 4.913600000000000000e+04, 4.965550000000000000e+05, 3.471126000000000000e+06, 1.809377600000000000e+07
0.000000000000000000e+00, 1.000000000000000000e+00, 9.500000000000000000e+01, 3.040000000000000000e+03, 4.992000000000000000e+04, 5.068560000000000000e+05, 3.560070000000000000e+06, 1.864150300000000000e+07
0.000000000000000000e+00, 1.000000000000000000e+00, 9.500000000000000000e+01, 3.072000000000000000e+03, 5.068800000000000000e+04, 5.173040000000000000e+05, 3.650622000000000000e+06, 1.920286900000000000e+07
0.000000000000000000e+00, 1.000000000000000000e+00, 9.600000000000000000e+01, 3.104000000000000000e+03, 5.148800000000000000e+04, 5.279250000000000000e+05, 3.743211000000000000e+06, 1.977835400000000000e+07
0.000000000000000000e+00, 1.000000000000000000e+00, 9.600000000000000000e+01, 3.136000000000000000e+03, 5.227200000000000000e+04, 5.386960000000000000e+05, 3.837459000000000000e+06, 2.036802500000000000e+07
0.000000000000000000e+00, 1.000000000000000000e+00, 9.700000000000000000e+01, 3.169000000000000000e+03, 5.308900000000000000e+04, 5.496440000000000000e+05, 3.933815000000000000e+06, 2.097238600000000000e+07
0.000000000000000000e+00, 1.000000000000000000e+00, 9.700000000000000000e+01, 3.201000000000000000e+03, 5.388900000000000000e+04, 5.607450000000000000e+05, 4.031871000000000000e+06, 2.159149600000000000e+07
0.000000000000000000e+00, 1.000000000000000000e+00, 9.800000000000000000e+01, 3.234000000000000000e+03, 5.472200000000000000e+04, 5.720260000000000000e+05, 4.132096000000000000e+06, 2.222587200000000000e+07
0.000000000000000000e+00, 1.000000000000000000e+00, 9.800000000000000000e+01, 3.267000000000000000e+03, 5.553900000000000000e+04, 5.834640000000000000e+05, 4.234086000000000000e+06, 2.287558900000000000e+07
0.000000000000000000e+00, 1.000000000000000000e+00, 9.900000000000000000e+01, 3.300000000000000000e+03, 5.638900000000000000e+04, 5.950850000000000000e+05, 4.338296000000000000e+06, 2.354116500000000000e+07
0.000000000000000000e+00, 1.000000000000000000e+00, 9.900000000000000000e+01, 3.333000000000000000e+03, 5.722200000000000000e+04, 6.068660000000000000e+05, 4.444325000000000000e+06, 2.422267900000000000e+07
0.000000000000000000e+00, 1.000000000000000000e+00, 1.000000000000000000e+02, 3.367000000000000000e+03, 5.808900000000000000e+04, 6.188340000000000000e+05, 4.552649000000000000e+06, 2.492067400000000000e+07
0.000000000000000000e+00, 1.000000000000000000e+00, 1.000000000000000000e+02, 3.400000000000000000e+03, 5.893900000000000000e+04, 6.309650000000000000e+05, 4.662836000000000000e+06, 2.563522200000000000e+07
0.000000000000000000e+00, 1.000000000000000000e+00, 1.010000000000000000e+02, 3.434000000000000000e+03, 5.982300000000000000e+04, 6.432870000000000000e+05, 4.775383000000000000e+06, 2.636687900000000000e+07
0.000000000000000000e+00, 1.000000000000000000e+00, 1.010000000000000000e+02, 3.468000000000000000e+03, 6.069000000000000000e+04, 6.557750000000000000e+05, 4.889861000000000000e+06, 2.711573300000000000e+07
0.000000000000000000e+00, 1.000000000000000000e+00, 1.020000000000000000e+02, 3.502000000000000000e+03, 6.159100000000000000e+04, 6.684570000000000000e+05, 5.006753000000000000e+06, 2.788234200000000000e+07
0.000000000000000000e+00, 1.000000000000000000e+00, 1.020000000000000000e+02, 3.536000000000000000e+03, 6.247500000000000000e+04, 6.813090000000000000e+05, 5.125634000000000000e+06, 2.866679900000000000e+07
0.000000000000000000e+00, 1.000000000000000000e+00, 1.030000000000000000e+02, 3.571000000000000000e+03, 6.339400000000000000e+04, 6.943590000000000000e+05, 5.247008000000000000e+06, 2.946968700000000000e+07
0.000000000000000000e+00, 1.000000000000000000e+00, 1.030000000000000000e+02, 3.605000000000000000e+03, 6.429500000000000000e+04, 7.075820000000000000e+05, 5.370418000000000000e+06, 3.029109200000000000e+07
0.000000000000000000e+00, 1.000000000000000000e+00, 1.040000000000000000e+02, 3.640000000000000000e+03, 6.523100000000000000e+04, 7.210060000000000000e+05, 5.496389000000000000e+06, 3.113161100000000000e+07
0.000000000000000000e+00, 1.000000000000000000e+00, 1.040000000000000000e+02, 3.675000000000000000e+03, 6.615000000000000000e+04, 7.346070000000000000e+05, 5.624468000000000000e+06, 3.199134700000000000e+07
0.000000000000000000e+00, 1.000000000000000000e+00, 1.050000000000000000e+02, 3.710000000000000000e+03, 6.710400000000000000e+04, 7.484130000000000000e+05, 5.755166000000000000e+06, 3.287089900000000000e+07
0.000000000000000000e+00, 1.000000000000000000e+00, 1.050000000000000000e+02, 3.745000000000000000e+03, 6.804000000000000000e+04, 7.623990000000000000e+05, 5.888033000000000000e+06, 3.377037500000000000e+07
0.000000000000000000e+00, 1.000000000000000000e+00, 1.060000000000000000e+02, 3.781000000000000000e+03, 6.901200000000000000e+04, 7.765940000000000000e+05, 6.023602000000000000e+06, 3.469040100000000000e+07
0.000000000000000000e+00, 1.000000000000000000e+00, 1.060000000000000000e+02, 3.816000000000000000e+03, 6.996600000000000000e+04, 7.909720000000000000e+05, 6.161390000000000000e+06, 3.563107700000000000e+07
0.000000000000000000e+00, 1.000000000000000000e+00, 1.070000000000000000e+02, 3.852000000000000000e+03, 7.095600000000000000e+04, 8.055630000000000000e+05, 6.301952000000000000e+06, 3.659304400000000000e+07
0.000000000000000000e+00, 1.000000000000000000e+00, 1.070000000000000000e+02, 3.888000000000000000e+03, 7.192800000000000000e+04, 8.203410000000000000e+05, 6.444809000000000000e+06, 3.757642000000000000e+07
0.000000000000000000e+00, 1.000000000000000000e+00, 1.080000000000000000e+02, 3.924000000000000000e+03, 7.293600000000000000e+04, 8.353350000000000000e+05, 6.590501000000000000e+06, 3.858184800000000000e+07
0.000000000000000000e+00, 1.000000000000000000e+00, 1.080000000000000000e+02, 3.960000000000000000e+03, 7.392600000000000000e+04, 8.505200000000000000e+05, 6.738553000000000000e+06, 3.960945200000000000e+07
0.000000000000000000e+00, 1.000000000000000000e+00, 1.090000000000000000e+02, 3.997000000000000000e+03, 7.495300000000000000e+04, 8.659250000000000000e+05, 6.889527000000000000e+06, 4.065990200000000000e+07
0.000000000000000000e+00, 1.000000000000000000e+00, 1.090000000000000000e+02, 4.033000000000000000e+03, 7.596100000000000000e+04, 8.815240000000000000e+05, 7.042914000000000000e+06, 4.173331500000000000e+07
0.000000000000000000e+00, 1.000000000000000000e+00, 1.100000000000000000e+02, 4.070000000000000000e+03, 7.700600000000000000e+04, 8.973470000000000000e+05, 7.199299000000000000e+06, 4.283037600000000000e+07
0.000000000000000000e+00, 1.000000000000000000e+00, 1.100000000000000000e+02, 4.107000000000000000e+03, 7.803300000000000000e+04, 9.133680000000000000e+05, 7.358177000000000000e+06, 4.395122100000000000e+07
0.000000000000000000e+00, 1.000000000000000000e+00, 1.110000000000000000e+02, 4.144000000000000000e+03, 7.909700000000000000e+04, 9.296170000000000000e+05, 7.520118000000000000e+06, 4.509653800000000000e+07
0.000000000000000000e+00, 1.000000000000000000e+00, 1.110000000000000000e+02, 4.181000000000000000e+03, 8.014200000000000000e+04, 9.460670000000000000e+05, 7.684620000000000000e+06, 4.626646800000000000e+07
0.000000000000000000e+00, 1.000000000000000000e+00, 1.120000000000000000e+02, 4.219000000000000000e+03, 8.122500000000000000e+04, 9.627490000000000000e+05, 7.852276000000000000e+06, 4.746172800000000000e+07
0.000000000000000000e+00, 1.000000000000000000e+00, 1.120000000000000000e+02, 4.256000000000000000e+03, 8.228900000000000000e+04, 9.796360000000000000e+05, 8.022550000000000000e+06, 4.868245200000000000e+07
0.000000000000000000e+00, 1.000000000000000000e+00, 1.130000000000000000e+02, 4.294000000000000000e+03, 8.339100000000000000e+04, 9.967590000000000000e+05, 8.196058000000000000e+06, 4.992937300000000000e+07
0.000000000000000000e+00, 1.000000000000000000e+00, 1.130000000000000000e+02, 4.332000000000000000e+03, 8.447400000000000000e+04, 1.014091000000000000e+06, 8.372268000000000000e+06, 5.120264400000000000e+07
0.000000000000000000e+00, 1.000000000000000000e+00, 1.140000000000000000e+02, 4.370000000000000000e+03, 8.559500000000000000e+04, 1.031662000000000000e+06, 8.551780000000000000e+06, 5.250300100000000000e+07
0.000000000000000000e+00, 1.000000000000000000e+00, 1.140000000000000000e+02, 4.408000000000000000e+03, 8.669700000000000000e+04, 1.049446000000000000e+06, 8.734066000000000000e+06, 5.383060400000000000e+07
0.000000000000000000e+00, 1.000000000000000000e+00, 1.150000000000000000e+02, 4.447000000000000000e+03, 8.783800000000000000e+04, 1.067474000000000000e+06, 8.919750000000000000e+06, 5.518621800000000000e+07
0.000000000000000000e+00, 1.000000000000000000e+00, 1.150000000000000000e+02, 4.485000000000000000e+03, 8.895900000000000000e+04, 1.085718000000000000e+06, 9.108268000000000000e+06, 5.656999600000000000e+07
0.000000000000000000e+00, 1.000000000000000000e+00, 1.160000000000000000e+02, 4.524000000000000000e+03, 9.011900000000000000e+04, 1.104210000000000000e+06, 9.300268000000000000e+06, 5.798272000000000000e+07
0.000000000000000000e+00, 1.000000000000000000e+00, 1.160000000000000000e+02, 4.563000000000000000e+03, 9.126000000000000000e+04, 1.122922000000000000e+06, 9.495190000000000000e+06, 5.942456300000000000e+07
0.000000000000000000e+00, 1.000000000000000000e+00, 1.170000000000000000e+02, 4.602000000000000000e+03, 9.244000000000000000e+04, 1.141886000000000000e+06, 9.693666000000000000e+06, 6.089631000000000000e+07
0.000000000000000000e+00, 1.000000000000000000e+00, 1.170000000000000000e+02, 4.641000000000000000e+03, 9.360000000000000000e+04, 1.161074000000000000e+06, 9.895140000000000000e+06, 6.239814100000000000e+07
0.000000000000000000e+00, 1.000000000000000000e+00, 1.180000000000000000e+02, 4.681000000000000000e+03, 9.480000000000000000e+04, 1.180518000000000000e+06, 1.010026800000000000e+07, 6.393087200000000000e+07
0.000000000000000000e+00, 1.000000000000000000e+00, 1.180000000000000000e+02, 4.720000000000000000e+03, 9.598000000000000000e+04, 1.200190000000000000e+06, 1.030845800000000000e+07, 6.549467600000000000e+07
0.000000000000000000e+00, 1.000000000000000000e+00, 1.190000000000000000e+02, 4.760000000000000000e+03, 9.720000000000000000e+04, 1.220122000000000000e+06, 1.052039000000000000e+07, 6.709038600000000000e+07
0.000000000000000000e+00, 1.000000000000000000e+00, 1.190000000000000000e+02, 4.800000000000000000e+03, 9.840000000000000000e+04, 1.240286000000000000e+06, 1.073547600000000000e+07, 6.871819600000000000e+07
0.000000000000000000e+00, 1.000000000000000000e+00, 1.200000000000000000e+02, 4.840000000000000000e+03, 9.964000000000000000e+04, 1.260714000000000000e+06, 1.095438000000000000e+07, 7.037894300000000000e+07
0.000000000000000000e+00, 1.000000000000000000e+00, 1.200000000000000000e+02, 4.880000000000000000e+03, 1.008600000000000000e+05, 1.281378000000000000e+06, 1.117651800000000000e+07, 7.207282800000000000e+07
0.000000000000000000e+00, 1.000000000000000000e+00, 1.210000000000000000e+02, 4.921000000000000000e+03, 1.021210000000000000e+05, 1.302311000000000000e+06, 1.140257900000000000e+07, 7.380072000000000000e+07
0.000000000000000000e+00, 1.000000000000000000e+00, 1.210000000000000000e+02, 4.961000000000000000e+03, 1.033610000000000000e+05, 1.323483000000000000e+06, 1.163194100000000000e+07, 7.556281300000000000e+07
0.000000000000000000e+00, 1.000000000000000000e+00, 1.220000000000000000e+02, 5.002000000000000000e+03, 1.046420000000000000e+05, 1.344928000000000000e+06, 1.186531800000000000e+07, 7.735999400000000000e+07
0.000000000000000000e+00, 1.000000000000000000e+00, 1.220000000000000000e+02, 5.043000000000000000e+03, 1.059030000000000000e+05, 1.366617000000000000e+06, 1.210209300000000000e+07, 7.919247900000000000e+07
0.000000000000000000e+00, 1.000000000000000000e+00, 1.230000000000000000e+02, 5.084000000000000000e+03, 1.072050000000000000e+05, 1.388583000000000000e+06, 1.234296300000000000e+07, 8.106115900000000000e+07
0.000000000000000000e+00, 1.000000000000000000e+00, 1.230000000000000000e+02, 5.125000000000000000e+03, 1.084860000000000000e+05, 1.410797000000000000e+06, 1.258731500000000000e+07, 8.296625800000000000e+07
0.000000000000000000e+00, 1.000000000000000000e+00, 1.240000000000000000e+02, 5.167000000000000000e+03, 1.098090000000000000e+05, 1.433292000000000000e+06, 1.283587100000000000e+07, 8.490869900000000000e+07
0.000000000000000000e+00, 1.000000000000000000e+00, 1.240000000000000000e+02, 5.208000000000000000e+03, 1.111110000000000000e+05, 1.456039000000000000e+06, 1.308798000000000000e+07, 8.688870000000000000e+07
0.000000000000000000e+00, 1.000000000000000000e+00, 1.250000000000000000e+02, 5.250000000000000000e+03, 1.124550000000000000e+05, 1.479072000000000000e+06, 1.334439000000000000e+07, 8.890720300000000000e+07
0.000000000000000000e+00, 1.000000000000000000e+00, 1.250000000000000000e+02, 5.292000000000000000e+03, 1.137780000000000000e+05, 1.502361000000000000e+06, 1.360445400000000000e+07, 9.096444800000000000e+07
0.000000000000000000e+00, 1.000000000000000000e+00, 1.260000000000000000e+02, 5.334000000000000000e+03, 1.151430000000000000e+05, 1.525940000000000000e+06, 1.386890300000000000e+07, 9.306138200000000000e+07
0.000000000000000000e+00, 1.000000000000000000e+00, 1.260000000000000000e+02, 5.376000000000000000e+03, 1.164870000000000000e+05, 1.549779000000000000e+06, 1.413709400000000000e+07, 9.519825300000000000e+07
0.000000000000000000e+00, 1.000000000000000000e+00, 1.270000000000000000e+02, 5.419000000000000000e+03, 1.178740000000000000e+05, 1.573913000000000000e+06, 1.440978400000000000e+07, 9.737604200000000000e+07
0.000000000000000000e+00, 1.000000000000000000e+00, 1.270000000000000000e+02, 5.461000000000000000e+03, 1.192390000000000000e+05, 1.598311000000000000e+06, 1.468629100000000000e+07, 9.959499000000000000e+07
0.000000000000000000e+00, 1.000000000000000000e+00, 1.280000000000000000e+02, 5.504000000000000000e+03, 1.206470000000000000e+05, 1.623008000000000000e+06, 1.496739800000000000e+07, 1.018560980000000000e+08
0.000000000000000000e+00, 1.000000000000000000e+00, 1.280000000000000000e+02, 5.547000000000000000e+03, 1.220340000000000000e+05, 1.647974000000000000e+06, 1.525242800000000000e+07, 1.041596310000000000e+08
0.000000000000000000e+00, 1.000000000000000000e+00, 1.290000000000000000e+02, 5.590000000000000000e+03, 1.234640000000000000e+05, 1.673243000000000000e+06, 1.554214600000000000e+07, 1.065065940000000000e+08
0.000000000000000000e+00, 1.000000000000000000e+00, 1.290000000000000000e+02, 5.633000000000000000e+03, 1.248720000000000000e+05, 1.698785000000000000e+06, 1.583587900000000000e+07, 1.088972610000000000e+08
0.000000000000000000e+00, 1.000000000000000000e+00, 1.300000000000000000e+02, 5.677000000000000000e+03, 1.263240000000000000e+05, 1.724635000000000000e+06, 1.613441900000000000e+07, 1.113326720000000000e+08
0.000000000000000000e+00, 1.000000000000000000e+00, 1.300000000000000000e+02, 5.720000000000000000e+03, 1.277540000000000000e+05, 1.750762000000000000e+06, 1.643705300000000000e+07, 1.138130950000000000e+08
0.000000000000000000e+00, 1.000000000000000000e+00, 1.310000000000000000e+02, 5.764000000000000000e+03, 1.292280000000000000e+05, 1.777202000000000000e+06, 1.674460000000000000e+07, 1.163395900000000000e+08
0.000000000000000000e+00, 1.000000000000000000e+00, 1.310000000000000000e+02, 5.808000000000000000e+03, 1.306800000000000000e+05, 1.803923000000000000e+06, 1.705635100000000000e+07, 1.189124490000000000e+08
0.000000000000000000e+00, 1.000000000000000000e+00, 1.320000000000000000e+02, 5.852000000000000000e+03, 1.321760000000000000e+05, 1.830961000000000000e+06, 1.737310700000000000e+07, 1.215327380000000000e+08
0.000000000000000000e+00, 1.000000000000000000e+00, 1.320000000000000000e+02, 5.896000000000000000e+03, 1.336500000000000000e+05, 1.858285000000000000e+06, 1.769416400000000000e+07, 1.242007580000000000e+08
0.000000000000000000e+00, 1.000000000000000000e+00, 1.330000000000000000e+02, 5.941000000000000000e+03, 1.351690000000000000e+05, 1.885931000000000000e+06, 1.802035000000000000e+07, 1.269176110000000000e+08
0.000000000000000000e+00, 1.000000000000000000e+00, 1.330000000000000000e+02, 5.985000000000000000e+03, 1.366650000000000000e+05, 1.913867000000000000e+06, 1.835092000000000000e+07, 1.296835920000000000e+08
0.000000000000000000e+00, 1.000000000000000000e+00, 1.340000000000000000e+02, 6.030000000000000000e+03, 1.382060000000000000e+05, 1.942129000000000000e+06, 1.868672900000000000e+07, 1.324998240000000000e+08
0.000000000000000000e+00, 1.000000000000000000e+00, 1.340000000000000000e+02, 6.075000000000000000e+03, 1.397250000000000000e+05, 1.970686000000000000e+06, 1.902703700000000000e+07, 1.353666270000000000e+08
0.000000000000000000e+00, 1.000000000000000000e+00, 1.350000000000000000e+02, 6.120000000000000000e+03, 1.412890000000000000e+05, 1.999574000000000000e+06, 1.937268100000000000e+07, 1.382851300000000000e+08
0.000000000000000000e+00, 1.000000000000000000e+00, 1.350000000000000000e+02, 6.165000000000000000e+03, 1.428300000000000000e+05, 2.028761000000000000e+06, 1.972292500000000000e+07, 1.412556630000000000e+08
0.000000000000000000e+00, 1.000000000000000000e+00, 1.360000000000000000e+02, 6.211000000000000000e+03, 1.444170000000000000e+05, 2.058284000000000000e+06, 2.007863400000000000e+07, 1.442793920000000000e+08
0.000000000000000000e+00, 1.000000000000000000e+00, 1.360000000000000000e+02, 6.256000000000000000e+03, 1.459810000000000000e+05, 2.088110000000000000e+06, 2.043903000000000000e+07, 1.473566410000000000e+08
0.000000000000000000e+00, 1.000000000000000000e+00, 1.370000000000000000e+02, 6.302000000000000000e+03, 1.475910000000000000e+05, 2.118277000000000000e+06, 2.080500600000000000e+07, 1.504885980000000000e+08
0.000000000000000000e+00, 1.000000000000000000e+00, 1.370000000000000000e+02, 6.348000000000000000e+03, 1.491780000000000000e+05, 2.148752000000000000e+06, 2.117578900000000000e+07, 1.536756130000000000e+08
0.000000000000000000e+00, 1.000000000000000000e+00, 1.380000000000000000e+02, 6.394000000000000000e+03, 1.508110000000000000e+05, 2.179572000000000000e+06, 2.155225300000000000e+07, 1.569188800000000000e+08
0.000000000000000000e+00, 1.000000000000000000e+00, 1.380000000000000000e+02, 6.440000000000000000e+03, 1.524210000000000000e+05, 2.210705000000000000e+06, 2.193363000000000000e+07, 1.602187600000000000e+08
0.000000000000000000e+00, 1.000000000000000000e+00, 1.390000000000000000e+02, 6.487000000000000000e+03, 1.540780000000000000e+05, 2.242188000000000000e+06, 2.232082200000000000e+07, 1.635764850000000000e+08
0.000000000000000000e+00, 1.000000000000000000e+00, 1.390000000000000000e+02, 6.533000000000000000e+03, 1.557110000000000000e+05, 2.273988000000000000e+06, 2.271301800000000000e+07, 1.669924100000000000e+08
0.000000000000000000e+00, 1.000000000000000000e+00, 1.400000000000000000e+02, 6.580000000000000000e+03, 1.573910000000000000e+05, 2.306143000000000000e+06, 2.311114900000000000e+07, 1.704677900000000000e+08
0.000000000000000000e+00, 1.000000000000000000e+00, 1.400000000000000000e+02, 6.627000000000000000e+03, 1.590480000000000000e+05, 2.338620000000000000e+06, 2.351440900000000000e+07, 1.740030070000000000e+08
0.000000000000000000e+00, 1.000000000000000000e+00, 1.410000000000000000e+02, 6.674000000000000000e+03, 1.607520000000000000e+05, 2.371457000000000000e+06, 2.392371000000000000e+07, 1.775993230000000000e+08
0.000000000000000000e+00, 1.000000000000000000e+00, 1.410000000000000000e+02, 6.721000000000000000e+03, 1.624320000000000000e+05, 2.404620000000000000e+06, 2.433825000000000000e+07, 1.812571300000000000e+08
0.000000000000000000e+00, 1.000000000000000000e+00, 1.420000000000000000e+02, 6.769000000000000000e+03, 1.641600000000000000e+05, 2.438148000000000000e+06, 2.475897000000000000e+07, 1.849777300000000000e+08
0.000000000000000000e+00, 1.000000000000000000e+00, 1.420000000000000000e+02, 6.816000000000000000e+03, 1.658640000000000000e+05, 2.472007000000000000e+06, 2.518502500000000000e+07, 1.887615100000000000e+08
0.000000000000000000e+00, 1.000000000000000000e+00, 1.430000000000000000e+02, 6.864000000000000000e+03, 1.676160000000000000e+05, 2.506236000000000000e+06, 2.561738500000000000e+07, 1.926097950000000000e+08
0.000000000000000000e+00, 1.000000000000000000e+00, 1.430000000000000000e+02, 6.912000000000000000e+03, 1.693440000000000000e+05, 2.540801000000000000e+06, 2.605521000000000000e+07, 1.965230000000000000e+08
0.000000000000000000e+00, 1.000000000000000000e+00, 1.440000000000000000e+02, 6.960000000000000000e+03, 1.711200000000000000e+05, 2.575740000000000000e+06, 2.649945000000000000e+07, 2.005024570000000000e+08
0.000000000000000000e+00, 1.000000000000000000e+00, 1.440000000000000000e+02, 7.008000000000000000e+03, 1.728720000000000000e+05, 2.611020000000000000e+06, 2.694927000000000000e+07, 2.045485930000000000e+08
0.000000000000000000e+00, 1.000000000000000000e+00, 1.450000000000000000e+02, 7.057000000000000000e+03, 1.746730000000000000e+05, 2.646680000000000000e+06, 2.740565000000000000e+07, 2.086627800000000000e+08
0.000000000000000000e+00, 1.000000000000000000e+00, 1.450000000000000000e+02, 7.105000000000000000e+03, 1.764490000000000000e+05, 2.682685000000000000e+06, 2.786771000000000000e+07, 2.128454400000000000e+08
0.000000000000000000e+00, 1.000000000000000000e+00, 1.460000000000000000e+02, 7.154000000000000000e+03, 1.782740000000000000e+05, 2.719075000000000000e+06, 2.833646000000000000e+07, 2.170979700000000000e+08
0.000000000000000000e+00, 1.000000000000000000e+00, 1.460000000000000000e+02, 7.203000000000000000e+03, 1.800750000000000000e+05, 2.755815000000000000e+06, 2.881102500000000000e+07, 2.214208200000000000e+08
0.000000000000000000e+00, 1.000000000000000000e+00, 1.470000000000000000e+02, 7.252000000000000000e+03, 1.819250000000000000e+05, 2.792945000000000000e+06, 2.929239500000000000e+07, 2.258153950000000000e+08
0.000000000000000000e+00, 1.000000000000000000e+00, 1.470000000000000000e+02, 7.301000000000000000e+03, 1.837500000000000000e+05, 2.830430000000000000e+06, 2.977970000000000000e+07, 2.302821570000000000e+08
0.000000000000000000e+00, 1.000000000000000000e+00, 1.480000000000000000e+02, 7.351000000000000000e+03, 1.856250000000000000e+05, 2.868310000000000000e+06, 3.027396000000000000e+07, 2.348225530000000000e+08
0.000000000000000000e+00, 1.000000000000000000e+00, 1.480000000000000000e+02, 7.400000000000000000e+03, 1.874750000000000000e+05, 2.906550000000000000e+06, 3.077426000000000000e+07, 2.394370400000000000e+08
0.000000000000000000e+00, 1.000000000000000000e+00, 1.490000000000000000e+02, 7.450000000000000000e+03, 1.893750000000000000e+05, 2.945190000000000000e+06, 3.128165000000000000e+07, 2.441270900000000000e+08
0.000000000000000000e+00, 1.000000000000000000e+00, 1.490000000000000000e+02, 7.500000000000000000e+03, 1.912500000000000000e+05, 2.984195000000000000e+06, 3.179522000000000000e+07, 2.488931900000000000e+08
0.000000000000000000e+00, 1.000000000000000000e+00, 1.500000000000000000e+02, 7.550000000000000000e+03, 1.931750000000000000e+05, 3.023605000000000000e+06, 3.231600000000000000e+07, 2.537368200000000000e+08
0.000000000000000000e+00, 1.000000000000000000e+00, 1.500000000000000000e+02, 7.600000000000000000e+03, 1.950750000000000000e+05, 3.063385000000000000e+06, 3.284308500000000000e+07, 2.586584800000000000e+08
0.000000000000000000e+00, 1.000000000000000000e+00, 1.510000000000000000e+02, 7.651000000000000000e+03, 1.970260000000000000e+05, 3.103576000000000000e+06, 3.337753600000000000e+07, 2.636596930000000000e+08
0.000000000000000000e+00, 1.000000000000000000e+00, 1.510000000000000000e+02, 7.701000000000000000e+03, 1.989510000000000000e+05, 3.144141000000000000e+06, 3.391840100000000000e+07, 2.687409540000000000e+08
0.000000000000000000e+00, 1.000000000000000000e+00, 1.520000000000000000e+02, 7.752000000000000000e+03, 2.009270000000000000e+05, 3.185122000000000000e+06, 3.446677200000000000e+07, 2.739038120000000000e+08
0.000000000000000000e+00, 1.000000000000000000e+00, 1.520000000000000000e+02, 7.803000000000000000e+03, 2.028780000000000000e+05, 3.226483000000000000e+06, 3.502170300000000000e+07, 2.791487930000000000e+08
0.000000000000000000e+00, 1.000000000000000000e+00, 1.530000000000000000e+02, 7.854000000000000000e+03, 2.048800000000000000e+05, 3.268265000000000000e+06, 3.558426500000000000e+07, 2.844774550000000000e+08
0.000000000000000000e+00, 1.000000000000000000e+00, 1.530000000000000000e+02, 7.905000000000000000e+03, 2.068560000000000000e+05, 3.310432000000000000e+06, 3.615351700000000000e+07, 2.898903370000000000e+08
0.000000000000000000e+00, 1.000000000000000000e+00, 1.540000000000000000e+02, 7.957000000000000000e+03, 2.088840000000000000e+05, 3.353025000000000000e+06, 3.673056100000000000e+07, 2.953890410000000000e+08
0.000000000000000000e+00, 1.000000000000000000e+00, 1.540000000000000000e+02, 8.008000000000000000e+03, 2.108860000000000000e+05, 3.396008000000000000e+06, 3.731440900000000000e+07, 3.009741020000000000e+08
0.000000000000000000e+00, 1.000000000000000000e+00, 1.550000000000000000e+02, 8.060000000000000000e+03, 2.129400000000000000e+05, 3.439423000000000000e+06, 3.790619500000000000e+07, 3.066471490000000000e+08
0.000000000000000000e+00, 1.000000000000000000e+00, 1.550000000000000000e+02, 8.112000000000000000e+03, 2.149680000000000000e+05, 3.483233000000000000e+06, 3.850493600000000000e+07, 3.124087480000000000e+08
0.000000000000000000e+00, 1.000000000000000000e+00, 1.560000000000000000e+02, 8.164000000000000000e+03, 2.170480000000000000e+05, 3.527480000000000000e+06, 3.911174500000000000e+07, 3.182605380000000000e+08
0.000000000000000000e+00, 1.000000000000000000e+00, 1.560000000000000000e+02, 8.216000000000000000e+03, 2.191020000000000000e+05, 3.572127000000000000e+06, 3.972564400000000000e+07, 3.242030990000000000e+08
0.000000000000000000e+00, 1.000000000000000000e+00, 1.570000000000000000e+02, 8.269000000000000000e+03, 2.212090000000000000e+05, 3.617217000000000000e+06, 4.034777800000000000e+07, 3.302381150000000000e+08
0.000000000000000000e+00, 1.000000000000000000e+00, 1.570000000000000000e+02, 8.321000000000000000e+03, 2.232890000000000000e+05, 3.662712000000000000e+06, 4.097712100000000000e+07, 3.363661620000000000e+08
0.000000000000000000e+00, 1.000000000000000000e+00, 1.580000000000000000e+02, 8.374000000000000000e+03, 2.254220000000000000e+05, 3.708655000000000000e+06, 4.161485000000000000e+07, 3.425889520000000000e+08
0.000000000000000000e+00, 1.000000000000000000e+00, 1.580000000000000000e+02, 8.427000000000000000e+03, 2.275290000000000000e+05, 3.755009000000000000e+06, 4.225994500000000000e+07, 3.489070940000000000e+08
0.000000000000000000e+00, 1.000000000000000000e+00, 1.590000000000000000e+02, 8.480000000000000000e+03, 2.296890000000000000e+05, 3.801816000000000000e+06, 4.291356100000000000e+07, 3.553223090000000000e+08
0.000000000000000000e+00, 1.000000000000000000e+00, 1.590000000000000000e+02, 8.533000000000000000e+03, 2.318220000000000000e+05, 3.849039000000000000e+06, 4.357468300000000000e+07, 3.618352210000000000e+08
0.000000000000000000e+00, 1.000000000000000000e+00, 1.600000000000000000e+02, 8.587000000000000000e+03, 2.340090000000000000e+05, 3.896721000000000000e+06, 4.424449900000000000e+07, 3.684475980000000000e+08
0.000000000000000000e+00, 1.000000000000000000e+00, 1.600000000000000000e+02, 8.640000000000000000e+03, 2.361690000000000000e+05, 3.944824000000000000e+06, 4.492194500000000000e+07, 3.751600600000000000e+08
0.000000000000000000e+00, 1.000000000000000000e+00, 1.610000000000000000e+02, 8.694000000000000000e+03, 2.383830000000000000e+05, 3.993392000000000000e+06, 4.560824200000000000e+07, 3.819744040000000000e+08
0.000000000000000000e+00, 1.000000000000000000e+00, 1.610000000000000000e+02, 8.748000000000000000e+03, 2.405700000000000000e+05, 4.042386000000000000e+06, 4.630233100000000000e+07, 3.888912830000000000e+08
0.000000000000000000e+00, 1.000000000000000000e+00, 1.620000000000000000e+02, 8.802000000000000000e+03, 2.428110000000000000e+05, 4.091850000000000000e+06, 4.700541100000000000e+07, 3.959125050000000000e+08
0.000000000000000000e+00, 1.000000000000000000e+00, 1.620000000000000000e+02, 8.856000000000000000e+03, 2.450250000000000000e+05, 4.141746000000000000e+06, 4.771642900000000000e+07, 4.030387380000000000e+08
0.000000000000000000e+00, 1.000000000000000000e+00, 1.630000000000000000e+02, 8.911000000000000000e+03, 2.472940000000000000e+05, 4.192118000000000000e+06, 4.843661700000000000e+07, 4.102718380000000000e+08
0.000000000000000000e+00, 1.000000000000000000e+00, 1.630000000000000000e+02, 8.965000000000000000e+03, 2.495350000000000000e+05, 4.242927000000000000e+06, 4.916487200000000000e+07, 4.176124700000000000e+08
0.000000000000000000e+00, 1.000000000000000000e+00, 1.640000000000000000e+02, 9.020000000000000000e+03, 2.518310000000000000e+05, 4.294217000000000000e+06, 4.990245900000000000e+07, 4.250625190000000000e+08
0.000000000000000000e+00, 1.000000000000000000e+00, 1.640000000000000000e+02, 9.075000000000000000e+03, 2.541000000000000000e+05, 4.345950000000000000e+06, 5.064828100000000000e+07, 4.326226850000000000e+08
0.000000000000000000e+00, 1.000000000000000000e+00, 1.650000000000000000e+02, 9.130000000000000000e+03, 2.564240000000000000e+05, 4.398170000000000000e+06, 5.140358100000000000e+07, 4.402948640000000000e+08
0.000000000000000000e+00, 1.000000000000000000e+00, 1.650000000000000000e+02, 9.185000000000000000e+03, 2.587200000000000000e+05, 4.450838000000000000e+06, 5.216726700000000000e+07, 4.480797720000000000e+08
0.000000000000000000e+00, 1.000000000000000000e+00, 1.660000000000000000e+02, 9.241000000000000000e+03, 2.610720000000000000e+05, 4.503999000000000000e+06, 5.294061600000000000e+07, 4.559793540000000000e+08
0.000000000000000000e+00, 1.000000000000000000e+00, 1.660000000000000000e+02, 9.296000000000000000e+03, 2.633960000000000000e+05, 4.557613000000000000e+06, 5.372248500000000000e+07, 4.639943230000000000e+08
0.000000000000000000e+00, 1.000000000000000000e+00, 1.670000000000000000e+02, 9.352000000000000000e+03, 2.657760000000000000e+05, 4.611726000000000000e+06, 5.451418500000000000e+07, 4.721266550000000000e+08
0.000000000000000000e+00, 1.000000000000000000e+00, 1.670000000000000000e+02, 9.408000000000000000e+03, 2.681280000000000000e+05, 4.666298000000000000e+06, 5.531457900000000000e+07, 4.803770980000000000e+08
0.000000000000000000e+00, 1.000000000000000000e+00, 1.680000000000000000e+02, 9.464000000000000000e+03, 2.705360000000000000e+05, 4.721374000000000000e+06, 5.612495500000000000e+07, 4.887476400000000000e+08
0.000000000000000000e+00, 1.000000000000000000e+00, 1.680000000000000000e+02, 9.520000000000000000e+03, 2.729160000000000000e+05, 4.776915000000000000e+06, 5.694418200000000000e+07, 4.972390460000000000e+08
0.000000000000000000e+00, 1.000000000000000000e+00, 1.690000000000000000e+02, 9.577000000000000000e+03, 2.753530000000000000e+05, 4.832966000000000000e+06, 5.777358200000000000e+07, 5.058533540000000000e+08
0.000000000000000000e+00, 1.000000000000000000e+00, 1.690000000000000000e+02, 9.633000000000000000e+03, 2.777610000000000000e+05, 4.889487000000000000e+06, 5.861197200000000000e+07, 5.145913260000000000e+08
0.000000000000000000e+00, 1.000000000000000000e+00, 1.700000000000000000e+02, 9.690000000000000000e+03, 2.802260000000000000e+05, 4.946524000000000000e+06, 5.946070900000000000e+07, 5.234550320000000000e+08
0.000000000000000000e+00, 1.000000000000000000e+00, 1.700000000000000000e+02, 9.747000000000000000e+03, 2.826630000000000000e+05, 5.004037000000000000e+06, 6.031861600000000000e+07, 5.324452710000000000e+08
0.000000000000000000e+00, 1.000000000000000000e+00, 1.710000000000000000e+02, 9.804000000000000000e+03, 2.851570000000000000e+05, 5.062072000000000000e+06, 6.118702700000000000e+07, 5.415641250000000000e+08
0.000000000000000000e+00, 1.000000000000000000e+00, 1.710000000000000000e+02, 9.861000000000000000e+03, 2.876220000000000000e+05, 5.120588000000000000e+06, 6.206477000000000000e+07, 5.508124100000000000e+08
0.000000000000000000e+00, 1.000000000000000000e+00, 1.720000000000000000e+02, 9.919000000000000000e+03, 2.901450000000000000e+05, 5.179632000000000000e+06, 6.295321400000000000e+07, 5.601922600000000000e+08
0.000000000000000000e+00, 1.000000000000000000e+00, 1.720000000000000000e+02, 9.976000000000000000e+03, 2.926390000000000000e+05, 5.239163000000000000e+06, 6.385113500000000000e+07, 5.697044890000000000e+08
0.000000000000000000e+00, 1.000000000000000000e+00, 1.730000000000000000e+02, 1.003400000000000000e+04, 2.951910000000000000e+05, 5.299228000000000000e+06, 6.475993700000000000e+07, 5.793512630000000000e+08
0.000000000000000000e+00, 1.000000000000000000e+00, 1.730000000000000000e+02, 1.009200000000000000e+04, 2.977140000000000000e+05, 5.359786000000000000e+06, 6.567840200000000000e+07, 5.891334340000000000e+08
0.000000000000000000e+00, 1.000000000000000000e+00, 1.740000000000000000e+02, 1.015000000000000000e+04, 3.002950000000000000e+05, 5.420883000000000000e+06, 6.660791000000000000e+07, 5.990531810000000000e+08
0.000000000000000000e+00, 1.000000000000000000e+00, 1.740000000000000000e+02, 1.020800000000000000e+04, 3.028470000000000000e+05, 5.482479000000000000e+06, 6.754724900000000000e+07, 6.091113740000000000e+08
0.000000000000000000e+00, 1.000000000000000000e+00, 1.750000000000000000e+02, 1.026700000000000000e+04, 3.054580000000000000e+05, 5.544621000000000000e+06, 6.849783500000000000e+07, 6.193102450000000000e+08
0.000000000000000000e+00, 1.000000000000000000e+00, 1.750000000000000000e+02, 1.032500000000000000e+04, 3.080390000000000000e+05, 5.607267000000000000e+06, 6.945840200000000000e+07, 6.296506620000000000e+08
0.000000000000000000e+00, 1.000000000000000000e+00, 1.760000000000000000e+02, 1.038400000000000000e+04, 3.106790000000000000e+05, 5.670465000000000000e+06, 7.043040200000000000e+07, 6.401348910000000000e+08
0.000000000000000000e+00, 1.000000000000000000e+00, 1.760000000000000000e+02, 1.044300000000000000e+04, 3.132900000000000000e+05, 5.734173000000000000e+06, 7.141257500000000000e+07, 6.507638380000000000e+08
0.000000000000000000e+00, 1.000000000000000000e+00, 1.770000000000000000e+02, 1.050200000000000000e+04, 3.159600000000000000e+05, 5.798439000000000000e+06, 7.240634900000000000e+07, 6.615397830000000000e+08
0.000000000000000000e+00, 1.000000000000000000e+00, 1.770000000000000000e+02, 1.056100000000000000e+04, 3.186000000000000000e+05, 5.863221000000000000e+06, 7.341047000000000000e+07, 6.724636510000000000e+08
0.000000000000000000e+00, 1.000000000000000000e+00, 1.780000000000000000e+02, 1.062100000000000000e+04, 3.213000000000000000e+05, 5.928567000000000000e+06, 7.442640200000000000e+07, 6.835377760000000000e+08
0.000000000000000000e+00, 1.000000000000000000e+00, 1.780000000000000000e+02, 1.068000000000000000e+04, 3.239700000000000000e+05, 5.994435000000000000e+06, 7.545283700000000000e+07, 6.947630820000000000e+08
0.000000000000000000e+00, 1.000000000000000000e+00, 1.790000000000000000e+02, 1.074000000000000000e+04, 3.267000000000000000e+05, 6.060873000000000000e+06, 7.649127500000000000e+07, 7.061419370000000000e+08
0.000000000000000000e+00, 1.000000000000000000e+00, 1.790000000000000000e+02, 1.080000000000000000e+04, 3.294000000000000000e+05, 6.127839000000000000e+06, 7.754041400000000000e+07, 7.176753050000000000e+08
0.000000000000000000e+00, 1.000000000000000000e+00, 1.800000000000000000e+02, 1.086000000000000000e+04, 3.321600000000000000e+05, 6.195381000000000000e+06, 7.860173000000000000e+07, 7.293655680000000000e+08
0.000000000000000000e+00, 1.000000000000000000e+00, 1.800000000000000000e+02, 1.092000000000000000e+04, 3.348900000000000000e+05, 6.263457000000000000e+06, 7.967392700000000000e+07, 7.412137100000000000e+08
