[1, 3, 5, 2, 4]
[1, 4, 2, 5, 3]
[1, 5, 9, 3, 7]
[1, 7, 3, 4, 10]
[1, 7, 3, 9, 5]
[1, 7, 8, 4, 10]
[1, 10, 4, 3, 7]
[1, 10, 4, 8, 7]
[2, 4, 1, 3, 5]
[2, 5, 3, 1, 4]
[2, 6, 10, 4, 8]
[2, 8, 4, 10, 6]
[3, 1, 4, 2, 5]
[3, 4, 10, 1, 7]
[3, 5, 2, 4, 1]
[3, 7, 1, 5, 9]
[3, 7, 1, 10, 4]
[3, 9, 5, 1, 7]
[4, 2, 5, 3, 1]
[4, 3, 7, 1, 10]
[4, 1, 3, 5, 2]
[4, 8, 7, 1, 10]
[4, 8, 2, 6, 10]
[4, 10, 1, 7, 3]
[4, 10, 1, 7, 8]
[4, 10, 6, 2, 8]
[5, 2, 4, 1, 3]
[5, 3, 1, 4, 2]
[5, 1, 7, 3, 9]
[5, 9, 3, 7, 1]
[6, 2, 8, 4, 10]
[6, 8, 10, 7, 9]
[6, 9, 7, 10, 8]
[6, 10, 4, 8, 2]
[7, 3, 4, 10, 1]
[7, 3, 9, 5, 1]
[7, 1, 5, 9, 3]
[7, 1, 10, 4, 8]
[7, 1, 10, 4, 3]
[7, 8, 4, 10, 1]
[7, 9, 6, 8, 10]
[7, 10, 8, 6, 9]
[8, 2, 6, 10, 4]
[8, 4, 10, 6, 2]
[8, 4, 10, 1, 7]
[8, 6, 9, 7, 10]
[8, 7, 1, 10, 4]
[8, 10, 7, 9, 6]
[9, 3, 7, 1, 5]
[9, 5, 1, 7, 3]
[9, 6, 8, 10, 7]
[9, 7, 10, 8, 6]
[10, 4, 3, 7, 1]
[10, 4, 8, 2, 6]
[10, 4, 8, 7, 1]
[10, 6, 2, 8, 4]
[10, 7, 9, 6, 8]
[10, 8, 6, 9, 7]
[10, 1, 7, 3, 4]
[10, 1, 7, 8, 4]
