[3, 4, 5]: 3
[6, 8, 10]: 6
[9, 12, 15]: 8
[12, 16, 20]: 11
[15, 20, 25]: 13
[18, 24, 30]: 16
[21, 28, 35]: 18
[24, 32, 40]: 21
[27, 36, 45]: 23
[30, 40, 50]: 26
[33, 44, 55]: 28
[36, 48, 60]: 31
[39, 52, 65]: 33
[42, 56, 70]: 36
[45, 60, 75]: 38
[48, 64, 80]: 41
[51, 68, 85]: 43
[54, 72, 90]: 46
[57, 76, 95]: 48
[60, 80, 100]: 51
[63, 84, 105]: 53
[66, 88, 110]: 56
[69, 92, 115]: 58
[72, 96, 120]: 61
[75, 100, 125]: 63
[78, 104, 130]: 66
[81, 108, 135]: 68
[84, 112, 140]: 71
[87, 116, 145]: 73
[90, 120, 150]: 76
[93, 124, 155]: 78
[96, 128, 160]: 81
[99, 132, 165]: 83
[5, 12, 13]: 2
[10, 24, 26]: 5
[15, 36, 39]: 7
[20, 48, 52]: 10
[25, 60, 65]: 12
[30, 72, 78]: 15
[35, 84, 91]: 17
[40, 96, 104]: 20
[45, 108, 117]: 22
[50, 120, 130]: 25
[55, 132, 143]: 27
[60, 144, 156]: 30
[65, 156, 169]: 32
[70, 168, 182]: 35
[75, 180, 195]: 37
[80, 192, 208]: 40
[8, 15, 17]: 5
[16, 30, 34]: 10
[24, 45, 51]: 14
[32, 60, 68]: 19
[40, 75, 85]: 23
[48, 90, 102]: 28
[56, 105, 119]: 32
[64, 120, 136]: 37
[72, 135, 153]: 41
[80, 150, 170]: 46
[88, 165, 187]: 50
[96, 180, 204]: 55
[7, 24, 25]: 3
[14, 48, 50]: 7
[21, 72, 75]: 10
[28, 96, 100]: 14
[35, 120, 125]: 17
[42, 144, 150]: 21
[49, 168, 175]: 24
[56, 192, 200]: 28
[20, 21, 29]: 20
[40, 42, 58]: 40
[60, 63, 87]: 59
[80, 84, 116]: 79
[100, 105, 145]: 98
[9, 40, 41]: 4
[18, 80, 82]: 9
[27, 120, 123]: 13
[36, 160, 164]: 18
[45, 200, 205]: 22
[12, 35, 37]: 6
[24, 70, 74]: 12
[36, 105, 111]: 18
[48, 140, 148]: 24
[60, 175, 185]: 30
[11, 60, 61]: 5
[22, 120, 122]: 11
[33, 180, 183]: 16
[28, 45, 53]: 20
[56, 90, 106]: 40
[84, 135, 159]: 59
[33, 56, 65]: 22
[66, 112, 130]: 44
[99, 168, 195]: 65
[13, 84, 85]: 6
[26, 168, 170]: 13
[16, 63, 65]: 8
[32, 126, 130]: 16
[48, 189, 195]: 24
[48, 55, 73]: 45
[96, 110, 146]: 90
[39, 80, 89]: 19
[78, 160, 178]: 39
[15, 112, 113]: 7
[36, 77, 85]: 18
[72, 154, 170]: 36
[65, 72, 97]: 62
[17, 144, 145]: 8
[20, 99, 101]: 10
[40, 198, 202]: 20
[60, 91, 109]: 45
[51, 140, 149]: 25
[19, 180, 181]: 9
[44, 117, 125]: 22
[88, 105, 137]: 80
[85, 132, 157]: 62
[57, 176, 185]: 28
[24, 143, 145]: 12
[95, 168, 193]: 59
[52, 165, 173]: 26
[28, 195, 197]: 14
[84, 187, 205]: 42
0
